# Recording training statistics: episode count vs time step:
# Time step | Episode count
0 0
1 0
2 0
3 0
4 0
5 0
6 0
7 0
8 0
9 0
10 0
11 0
12 0
13 0
14 0
15 0
16 0
17 0
18 0
19 0
20 0
21 0
22 0
23 0
24 0
25 0
26 0
27 0
28 0
29 0
30 0
31 0
32 0
33 0
34 0
35 0
36 0
37 0
38 0
39 0
40 0
41 0
42 0
43 0
44 0
45 0
46 0
47 0
48 0
49 0
50 0
51 0
52 0
53 0
54 0
55 0
56 0
57 0
58 0
59 0
60 0
61 0
62 0
63 0
64 0
65 0
66 0
67 0
68 0
69 0
70 0
71 0
72 0
73 0
74 0
75 0
76 0
77 0
78 0
79 0
80 0
81 0
82 0
83 0
84 0
85 0
86 0
87 0
88 0
89 0
90 0
91 0
92 0
93 0
94 0
95 0
96 0
97 0
98 0
99 0
100 0
101 0
102 0
103 0
104 0
105 0
106 0
107 0
108 0
109 0
110 0
111 0
112 0
113 0
114 0
115 0
116 0
117 0
118 0
119 0
120 0
121 0
122 0
123 0
124 0
125 0
126 0
127 0
128 0
129 0
130 0
131 0
132 0
133 0
134 0
135 0
136 0
137 0
138 0
139 0
140 0
141 0
142 0
143 0
144 0
145 0
146 0
147 0
148 0
149 0
150 0
151 0
152 0
153 0
154 0
155 0
156 0
157 0
158 0
159 0
160 0
161 0
162 0
163 0
164 0
165 0
166 0
167 0
168 0
169 0
170 0
171 0
172 0
173 0
174 0
175 0
176 0
177 0
178 0
179 0
180 0
181 0
182 0
183 0
184 0
185 0
186 0
187 0
188 0
189 0
190 0
191 0
192 0
193 0
194 0
195 0
196 0
197 0
198 0
199 0
200 0
201 0
202 0
203 0
204 0
205 0
206 0
207 0
208 0
209 0
210 0
211 0
212 0
213 0
214 0
215 0
216 0
217 0
218 0
219 0
220 0
221 0
222 0
223 0
224 0
225 0
226 0
227 0
228 0
229 0
230 0
231 0
232 0
233 0
234 0
235 0
236 0
237 0
238 0
239 0
240 0
241 0
242 0
243 0
244 0
245 0
246 0
247 0
248 0
249 0
250 0
251 0
252 0
253 0
254 0
255 0
256 0
257 0
258 0
259 0
260 0
261 0
262 0
263 0
264 0
265 0
266 0
267 0
268 0
269 0
270 0
271 0
272 0
273 0
274 0
275 0
276 0
277 0
278 0
279 0
280 0
281 0
282 0
283 0
284 0
285 0
286 0
287 0
288 0
289 0
290 0
291 0
292 0
293 0
294 0
295 0
296 0
297 0
298 0
299 0
300 0
301 0
302 0
303 0
304 0
305 0
306 0
307 0
308 0
309 0
310 0
311 0
312 0
313 0
314 0
315 0
316 0
317 0
318 0
319 0
320 0
321 0
322 0
323 0
324 0
325 0
326 0
327 0
328 0
329 0
330 0
331 0
332 0
333 0
334 0
335 0
336 0
337 0
338 0
339 0
340 0
341 0
342 0
343 0
344 0
345 0
346 0
347 0
348 0
349 0
350 0
351 0
352 0
353 0
354 0
355 0
356 0
357 0
358 0
359 0
360 0
361 0
362 0
363 0
364 0
365 0
366 0
367 0
368 0
369 0
370 0
371 0
372 0
373 0
374 0
375 0
376 0
377 0
378 0
379 0
380 0
381 0
382 0
383 0
384 0
385 0
386 0
387 0
388 0
389 0
390 0
391 0
392 0
393 0
394 0
395 0
396 0
397 0
398 0
399 0
400 0
401 0
402 0
403 0
404 0
405 0
406 0
407 0
408 0
409 0
410 0
411 0
412 0
413 0
414 0
415 0
416 0
417 0
418 0
419 0
420 0
421 0
422 0
423 0
424 0
425 0
426 0
427 0
428 0
429 0
430 0
431 0
432 0
433 0
434 0
435 0
436 0
437 0
438 0
439 0
440 0
441 0
442 0
443 0
444 0
445 0
446 0
447 0
448 0
449 0
450 0
451 0
452 0
453 0
454 0
455 0
456 0
457 0
458 0
459 0
460 0
461 0
462 0
463 0
464 0
465 0
466 0
467 0
468 0
469 0
470 0
471 0
472 0
473 0
474 0
475 0
476 0
477 0
478 0
479 0
480 0
481 0
482 0
483 0
484 0
485 0
486 0
487 0
488 0
489 0
490 0
491 0
492 0
493 0
494 0
495 0
496 0
497 0
498 0
499 0
500 0
501 0
502 0
503 0
504 0
505 0
506 0
507 0
508 0
509 0
510 0
511 0
512 0
513 0
514 0
515 0
516 0
517 0
518 0
519 0
520 0
521 0
522 0
523 0
524 0
525 0
526 0
527 0
528 0
529 0
530 0
531 0
532 0
533 0
534 0
535 0
536 0
537 0
538 0
539 0
540 0
541 0
542 0
543 0
544 0
545 0
546 0
547 0
548 0
549 0
550 0
551 0
552 0
553 0
554 0
555 0
556 0
557 0
558 0
559 0
560 0
561 0
562 0
563 0
564 0
565 0
566 0
567 0
568 0
569 0
570 0
571 0
572 0
573 0
574 0
575 0
576 0
577 0
578 0
579 0
580 0
581 0
582 0
583 0
584 0
585 0
586 0
587 0
588 0
589 0
590 0
591 0
592 0
593 0
594 0
595 0
596 0
597 0
598 0
599 0
600 1
601 1
602 1
603 1
604 1
605 1
606 1
607 1
608 1
609 1
610 1
611 1
612 1
613 1
614 1
615 1
616 1
617 1
618 1
619 1
620 1
621 1
622 1
623 1
624 1
625 1
626 1
627 1
628 1
629 1
630 1
631 1
632 1
633 1
634 1
635 1
636 1
637 1
638 1
639 1
640 1
641 1
642 1
643 1
644 1
645 1
646 1
647 1
648 1
649 1
650 1
651 1
652 1
653 1
654 1
655 1
656 1
657 1
658 1
659 1
660 1
661 1
662 1
663 1
664 1
665 1
666 1
667 1
668 1
669 1
670 1
671 1
672 1
673 1
674 1
675 1
676 1
677 1
678 1
679 1
680 1
681 1
682 1
683 1
684 1
685 1
686 1
687 1
688 1
689 1
690 1
691 1
692 1
693 1
694 1
695 1
696 1
697 1
698 1
699 1
700 1
701 1
702 1
703 1
704 1
705 1
706 1
707 1
708 1
709 1
710 1
711 1
712 1
713 1
714 1
715 1
716 1
717 1
718 1
719 1
720 1
721 1
722 1
723 1
724 1
725 1
726 1
727 1
728 1
729 1
730 1
731 1
732 1
733 1
734 1
735 1
736 1
737 1
738 1
739 1
740 1
741 1
742 1
743 1
744 1
745 1
746 1
747 1
748 1
749 1
750 1
751 1
752 1
753 1
754 2
755 2
756 2
757 2
758 2
759 2
760 2
761 2
762 2
763 2
764 2
765 2
766 2
767 2
768 2
769 2
770 2
771 2
772 2
773 2
774 2
775 2
776 2
777 2
778 2
779 2
780 2
781 2
782 2
783 2
784 2
785 2
786 2
787 2
788 2
789 2
790 2
791 2
792 2
793 2
794 2
795 2
796 2
797 2
798 2
799 2
800 2
801 2
802 2
803 2
804 2
805 2
806 2
807 2
808 2
809 2
810 2
811 2
812 2
813 2
814 2
815 2
816 2
817 2
818 2
819 2
820 2
821 2
822 2
823 2
824 2
825 2
826 2
827 2
828 2
829 2
830 2
831 2
832 2
833 2
834 2
835 2
836 2
837 2
838 2
839 2
840 2
841 2
842 2
843 2
844 2
845 2
846 2
847 2
848 2
849 2
850 2
851 2
852 2
853 2
854 2
855 2
856 2
857 2
858 2
859 2
860 2
861 2
862 2
863 2
864 2
865 2
866 2
867 2
868 2
869 2
870 2
871 2
872 2
873 2
874 2
875 2
876 2
877 2
878 2
879 2
880 2
881 2
882 2
883 2
884 2
885 2
886 2
887 2
888 2
889 2
890 2
891 2
892 2
893 2
894 2
895 2
896 2
897 2
898 2
899 2
900 2
901 2
902 2
903 2
904 2
905 2
906 2
907 2
908 2
909 2
910 2
911 2
912 2
913 2
914 2
915 2
916 2
917 2
918 2
919 2
920 2
921 2
922 2
923 2
924 2
925 2
926 2
927 2
928 2
929 2
930 2
931 2
932 2
933 2
934 2
935 2
936 2
937 2
938 2
939 2
940 2
941 2
942 2
943 2
944 2
945 2
946 2
947 2
948 2
949 2
950 2
951 2
952 2
953 2
954 2
955 2
956 2
957 2
958 2
959 2
960 2
961 2
962 2
963 2
964 2
965 2
966 2
967 2
968 2
969 2
970 2
971 2
972 2
973 2
974 2
975 2
976 2
977 2
978 2
979 2
980 2
981 2
982 2
983 2
984 2
985 2
986 2
987 2
988 2
989 2
990 2
991 2
992 2
993 2
994 2
995 2
996 2
997 2
998 2
999 2
1000 2
1001 2
1002 2
1003 2
1004 2
1005 2
1006 3
1007 3
1008 3
1009 3
1010 3
1011 3
1012 3
1013 3
1014 3
1015 3
1016 3
1017 3
1018 3
1019 3
1020 3
1021 3
1022 3
1023 3
1024 3
1025 3
1026 3
1027 3
1028 3
1029 3
1030 3
1031 3
1032 3
1033 3
1034 3
1035 3
1036 3
1037 3
1038 3
1039 3
1040 3
1041 3
1042 3
1043 3
1044 3
1045 3
1046 3
1047 3
1048 3
1049 3
1050 3
1051 3
1052 3
1053 3
1054 3
1055 3
1056 3
1057 3
1058 3
1059 3
1060 3
1061 3
1062 3
1063 3
1064 3
1065 3
1066 3
1067 3
1068 3
1069 3
1070 3
1071 3
1072 3
1073 3
1074 3
1075 3
1076 3
1077 3
1078 3
1079 3
1080 3
1081 3
1082 3
1083 3
1084 3
1085 3
1086 3
1087 3
1088 3
1089 3
1090 3
1091 3
1092 3
1093 3
1094 3
1095 3
1096 3
1097 3
1098 3
1099 3
1100 3
1101 3
1102 3
1103 3
1104 3
1105 3
1106 3
1107 3
1108 3
1109 3
1110 3
1111 3
1112 3
1113 3
1114 3
1115 3
1116 3
1117 3
1118 3
1119 3
1120 3
1121 3
1122 3
1123 3
1124 3
1125 3
1126 3
1127 3
1128 4
1129 4
1130 4
1131 4
1132 4
1133 4
1134 4
1135 4
1136 4
1137 4
1138 4
1139 4
1140 4
1141 4
1142 4
1143 4
1144 4
1145 4
1146 4
1147 4
1148 4
1149 4
1150 4
1151 4
1152 4
1153 4
1154 4
1155 4
1156 4
1157 4
1158 4
1159 4
1160 4
1161 4
1162 4
1163 4
1164 4
1165 4
1166 4
1167 4
1168 4
1169 4
1170 4
1171 4
1172 4
1173 4
1174 4
1175 4
1176 4
1177 4
1178 4
1179 4
1180 4
1181 4
1182 4
1183 4
1184 4
1185 4
1186 4
1187 4
1188 4
1189 4
1190 4
1191 4
1192 4
1193 4
1194 4
1195 4
1196 4
1197 4
1198 4
1199 4
1200 4
1201 4
1202 4
1203 4
1204 4
1205 4
1206 4
1207 4
1208 4
1209 4
1210 4
1211 4
1212 4
1213 4
1214 4
1215 4
1216 4
1217 4
1218 4
1219 4
1220 4
1221 4
1222 4
1223 4
1224 4
1225 4
1226 4
1227 4
1228 4
1229 4
1230 4
1231 4
1232 4
1233 4
1234 4
1235 4
1236 4
1237 4
1238 4
1239 4
1240 4
1241 4
1242 4
1243 4
1244 4
1245 4
1246 4
1247 4
1248 4
1249 4
1250 4
1251 4
1252 4
1253 4
1254 4
1255 4
1256 4
1257 4
1258 4
1259 4
1260 4
1261 4
1262 4
1263 4
1264 4
1265 4
1266 4
1267 4
1268 4
1269 4
1270 4
1271 4
1272 4
1273 4
1274 4
1275 4
1276 4
1277 4
1278 4
1279 4
1280 4
1281 4
1282 4
1283 4
1284 4
1285 4
1286 4
1287 4
1288 4
1289 4
1290 4
1291 4
1292 4
1293 4
1294 4
1295 4
1296 4
1297 4
1298 4
1299 4
1300 4
1301 4
1302 5
1303 5
1304 5
1305 5
1306 5
1307 5
1308 5
1309 5
1310 5
1311 5
1312 5
1313 5
1314 5
1315 5
1316 5
1317 5
1318 5
1319 5
1320 5
1321 5
1322 5
1323 5
1324 5
1325 5
1326 5
1327 5
1328 5
1329 5
1330 5
1331 5
1332 5
1333 5
1334 5
1335 5
1336 5
1337 5
1338 5
1339 5
1340 5
1341 5
1342 5
1343 5
1344 5
1345 5
1346 5
1347 5
1348 5
1349 5
1350 5
1351 5
1352 5
1353 5
1354 5
1355 5
1356 5
1357 5
1358 5
1359 5
1360 5
1361 5
1362 5
1363 5
1364 5
1365 5
1366 5
1367 5
1368 5
1369 5
1370 5
1371 5
1372 5
1373 5
1374 5
1375 5
1376 5
1377 5
1378 5
1379 5
1380 5
1381 5
1382 5
1383 5
1384 5
1385 5
1386 5
1387 5
1388 5
1389 5
1390 5
1391 5
1392 5
1393 5
1394 5
1395 5
1396 5
1397 5
1398 5
1399 5
1400 5
1401 5
1402 5
1403 5
1404 5
1405 5
1406 5
1407 5
1408 5
1409 5
1410 5
1411 5
1412 5
1413 5
1414 5
1415 5
1416 5
1417 5
1418 5
1419 5
1420 5
1421 5
1422 5
1423 5
1424 5
1425 5
1426 5
1427 5
1428 5
1429 5
1430 5
1431 5
1432 5
1433 5
1434 5
1435 5
1436 5
1437 5
1438 5
1439 5
1440 5
1441 5
1442 5
1443 5
1444 5
1445 5
1446 5
1447 5
1448 5
1449 5
1450 5
1451 5
1452 5
1453 5
1454 5
1455 5
1456 5
1457 5
1458 5
1459 5
1460 5
1461 5
1462 5
1463 5
1464 5
1465 5
1466 5
1467 5
1468 5
1469 5
1470 5
1471 5
1472 5
1473 5
1474 5
1475 5
1476 5
1477 5
1478 5
1479 5
1480 5
1481 5
1482 5
1483 5
1484 5
1485 5
1486 5
1487 5
1488 5
1489 5
1490 5
1491 5
1492 5
1493 5
1494 5
1495 5
1496 5
1497 5
1498 5
1499 5
1500 5
1501 5
1502 5
1503 5
1504 5
1505 5
1506 5
1507 5
1508 5
1509 5
1510 5
1511 5
1512 5
1513 5
1514 5
1515 5
1516 5
1517 5
1518 5
1519 5
1520 5
1521 5
1522 5
1523 5
1524 5
1525 5
1526 5
1527 5
1528 5
1529 5
1530 5
1531 5
1532 5
1533 5
1534 5
1535 5
1536 5
1537 5
1538 5
1539 5
1540 5
1541 5
1542 5
1543 5
1544 5
1545 6
1546 6
1547 6
1548 6
1549 6
1550 6
1551 6
1552 6
1553 6
1554 6
1555 6
1556 6
1557 6
1558 6
1559 6
1560 6
1561 6
1562 6
1563 6
1564 6
1565 6
1566 6
1567 6
1568 6
1569 6
1570 6
1571 6
1572 6
1573 6
1574 6
1575 6
1576 6
1577 6
1578 6
1579 6
1580 6
1581 6
1582 6
1583 6
1584 6
1585 6
1586 6
1587 6
1588 6
1589 6
1590 6
1591 6
1592 6
1593 6
1594 6
1595 6
1596 6
1597 6
1598 6
1599 6
1600 6
1601 6
1602 6
1603 6
1604 6
1605 6
1606 6
1607 6
1608 6
1609 6
1610 6
1611 6
1612 6
1613 6
1614 6
1615 6
1616 6
1617 6
1618 6
1619 6
1620 6
1621 6
1622 6
1623 6
1624 6
1625 6
1626 6
1627 6
1628 6
1629 6
1630 6
1631 6
1632 6
1633 6
1634 6
1635 6
1636 6
1637 6
1638 6
1639 6
1640 6
1641 6
1642 6
1643 6
1644 6
1645 6
1646 6
1647 6
1648 6
1649 6
1650 6
1651 6
1652 6
1653 6
1654 6
1655 6
1656 6
1657 6
1658 6
1659 6
1660 6
1661 6
1662 6
1663 6
1664 6
1665 6
1666 6
1667 6
1668 6
1669 6
1670 6
1671 6
1672 6
1673 6
1674 6
1675 6
1676 6
1677 6
1678 6
1679 6
1680 6
1681 6
1682 6
1683 6
1684 6
1685 6
1686 6
1687 6
1688 6
1689 6
1690 6
1691 6
1692 6
1693 6
1694 6
1695 6
1696 6
1697 6
1698 6
1699 6
1700 6
1701 6
1702 6
1703 6
1704 6
1705 6
1706 6
1707 6
1708 6
1709 6
1710 6
1711 6
1712 6
1713 6
1714 6
1715 6
1716 6
1717 6
1718 6
1719 6
1720 6
1721 6
1722 6
1723 6
1724 6
1725 6
1726 6
1727 6
1728 6
1729 6
1730 6
1731 6
1732 6
1733 6
1734 6
1735 6
1736 6
1737 6
1738 7
1739 7
1740 7
1741 7
1742 7
1743 7
1744 7
1745 7
1746 7
1747 7
1748 7
1749 7
1750 7
1751 7
1752 7
1753 7
1754 7
1755 7
1756 7
1757 7
1758 7
1759 7
1760 7
1761 7
1762 7
1763 7
1764 7
1765 7
1766 7
1767 7
1768 7
1769 7
1770 7
1771 7
1772 7
1773 7
1774 7
1775 7
1776 7
1777 7
1778 7
1779 7
1780 7
1781 7
1782 7
1783 7
1784 7
1785 7
1786 7
1787 7
1788 8
1789 8
1790 8
1791 8
1792 8
1793 8
1794 8
1795 8
1796 8
1797 8
1798 8
1799 8
1800 8
1801 8
1802 8
1803 8
1804 8
1805 8
1806 8
1807 8
1808 8
1809 8
1810 8
1811 8
1812 8
1813 8
1814 8
1815 8
1816 8
1817 8
1818 8
1819 8
1820 8
1821 8
1822 8
1823 8
1824 8
1825 8
1826 8
1827 8
1828 8
1829 8
1830 8
1831 8
1832 8
1833 8
1834 8
1835 8
1836 8
1837 8
1838 8
1839 8
1840 8
1841 8
1842 8
1843 8
1844 8
1845 8
1846 8
1847 8
1848 8
1849 8
1850 8
1851 8
1852 8
1853 8
1854 8
1855 8
1856 8
1857 8
1858 8
1859 8
1860 8
1861 8
1862 8
1863 8
1864 8
1865 8
1866 8
1867 8
1868 8
1869 8
1870 8
1871 8
1872 8
1873 8
1874 8
1875 8
1876 8
1877 8
1878 8
1879 8
1880 8
1881 8
1882 8
1883 8
1884 8
1885 8
1886 8
1887 8
1888 8
1889 8
1890 8
1891 8
1892 8
1893 8
1894 8
1895 8
1896 8
1897 8
1898 8
1899 8
1900 8
1901 8
1902 8
1903 8
1904 8
1905 8
1906 8
1907 8
1908 8
1909 8
1910 8
1911 8
1912 8
1913 8
1914 8
1915 8
1916 8
1917 8
1918 8
1919 8
1920 8
1921 8
1922 8
1923 8
1924 8
1925 8
1926 8
1927 8
1928 8
1929 8
1930 8
1931 8
1932 8
1933 8
1934 8
1935 8
1936 8
1937 8
1938 8
1939 8
1940 8
1941 8
1942 8
1943 8
1944 8
1945 8
1946 8
1947 8
1948 8
1949 8
1950 8
1951 8
1952 8
1953 8
1954 8
1955 8
1956 8
1957 8
1958 8
1959 8
1960 8
1961 8
1962 8
1963 8
1964 8
1965 8
1966 8
1967 8
1968 8
1969 8
1970 8
1971 8
1972 8
1973 8
1974 8
1975 8
1976 8
1977 8
1978 8
1979 8
1980 8
1981 8
1982 8
1983 8
1984 8
1985 8
1986 8
1987 8
1988 8
1989 8
1990 8
1991 8
1992 8
1993 8
1994 8
1995 8
1996 8
1997 8
1998 8
1999 8
2000 8
2001 8
2002 8
2003 8
2004 8
2005 8
2006 8
2007 8
2008 8
2009 8
2010 8
2011 8
2012 8
2013 9
2014 9
2015 9
2016 9
2017 9
2018 9
2019 9
2020 9
2021 9
2022 9
2023 9
2024 9
2025 9
2026 9
2027 9
2028 9
2029 9
2030 9
2031 9
2032 9
2033 9
2034 9
2035 9
2036 9
2037 9
2038 9
2039 9
2040 9
2041 9
2042 9
2043 9
2044 9
2045 9
2046 9
2047 9
2048 9
2049 9
2050 9
2051 9
2052 9
2053 9
2054 9
2055 9
2056 9
2057 9
2058 9
2059 9
2060 9
2061 9
2062 9
2063 9
2064 9
2065 9
2066 9
2067 9
2068 9
2069 9
2070 9
2071 9
2072 9
2073 9
2074 9
2075 9
2076 9
2077 9
2078 9
2079 9
2080 9
2081 9
2082 9
2083 9
2084 9
2085 9
2086 9
2087 9
2088 9
2089 9
2090 9
2091 9
2092 9
2093 9
2094 9
2095 9
2096 9
2097 9
2098 9
2099 9
2100 9
2101 9
2102 9
2103 9
2104 9
2105 9
2106 9
2107 9
2108 9
2109 9
2110 9
2111 9
2112 9
2113 9
2114 9
2115 9
2116 9
2117 9
2118 9
2119 9
2120 9
2121 9
2122 9
2123 9
2124 9
2125 9
2126 9
2127 9
2128 9
2129 9
2130 9
2131 9
2132 9
2133 9
2134 9
2135 9
2136 9
2137 9
2138 9
2139 9
2140 9
2141 10
2142 10
2143 10
2144 10
2145 10
2146 10
2147 10
2148 10
2149 10
2150 10
2151 10
2152 10
2153 10
2154 10
2155 10
2156 10
2157 10
2158 10
2159 10
2160 10
2161 10
2162 10
2163 10
2164 10
2165 10
2166 10
2167 10
2168 10
2169 10
2170 10
2171 10
2172 10
2173 10
2174 10
2175 10
2176 10
2177 10
2178 10
2179 10
2180 10
2181 10
2182 10
2183 10
2184 10
2185 10
2186 10
2187 10
2188 10
2189 10
2190 10
2191 10
2192 10
2193 10
2194 10
2195 10
2196 10
2197 10
2198 10
2199 10
2200 10
2201 10
2202 10
2203 10
2204 10
2205 10
2206 10
2207 10
2208 10
2209 10
2210 10
2211 10
2212 10
2213 10
2214 10
2215 10
2216 10
2217 10
2218 10
2219 10
2220 10
2221 11
2222 11
2223 11
2224 11
2225 11
2226 11
2227 11
2228 11
2229 11
2230 11
2231 11
2232 11
2233 11
2234 11
2235 11
2236 11
2237 11
2238 11
2239 11
2240 11
2241 11
2242 11
2243 11
2244 11
2245 11
2246 11
2247 11
2248 11
2249 11
2250 11
2251 11
2252 11
2253 11
2254 11
2255 11
2256 11
2257 11
2258 11
2259 11
2260 11
2261 11
2262 11
2263 11
2264 11
2265 11
2266 11
2267 11
2268 11
2269 11
2270 11
2271 11
2272 11
2273 11
2274 11
2275 11
2276 11
2277 11
2278 11
2279 11
2280 11
2281 11
2282 11
2283 11
2284 11
2285 11
2286 11
2287 11
2288 11
2289 11
2290 11
2291 11
2292 11
2293 11
2294 11
2295 11
2296 11
2297 11
2298 11
2299 11
2300 11
2301 11
2302 11
2303 11
2304 11
2305 11
2306 11
2307 11
2308 11
2309 11
2310 11
2311 11
2312 11
2313 11
2314 11
2315 11
2316 11
2317 11
2318 11
2319 11
2320 11
2321 11
2322 11
2323 11
2324 11
2325 11
2326 11
2327 11
2328 11
2329 11
2330 11
2331 11
2332 11
2333 11
2334 11
2335 11
2336 11
2337 11
2338 11
2339 11
2340 11
2341 11
2342 11
2343 11
2344 11
2345 11
2346 11
2347 11
2348 11
2349 11
2350 11
2351 11
2352 11
2353 11
2354 11
2355 11
2356 11
2357 11
2358 11
2359 11
2360 11
2361 11
2362 11
2363 11
2364 11
2365 11
2366 11
2367 11
2368 11
2369 11
2370 11
2371 11
2372 11
2373 11
2374 11
2375 11
2376 11
2377 11
2378 11
2379 11
2380 11
2381 11
2382 11
2383 11
2384 11
2385 11
2386 11
2387 11
2388 11
2389 11
2390 11
2391 11
2392 11
2393 11
2394 11
2395 11
2396 11
2397 11
2398 11
2399 11
2400 11
2401 11
2402 11
2403 11
2404 11
2405 11
2406 11
2407 11
2408 11
2409 11
2410 11
2411 11
2412 11
2413 11
2414 11
2415 11
2416 11
2417 11
2418 11
2419 11
2420 11
2421 11
2422 11
2423 11
2424 11
2425 11
2426 11
2427 11
2428 11
2429 11
2430 11
2431 11
2432 11
2433 11
2434 11
2435 11
2436 11
2437 11
2438 11
2439 11
2440 11
2441 11
2442 11
2443 11
2444 11
2445 11
2446 11
2447 11
2448 11
2449 11
2450 11
2451 11
2452 11
2453 11
2454 11
2455 11
2456 11
2457 11
2458 11
2459 11
2460 11
2461 11
2462 11
2463 11
2464 11
2465 11
2466 11
2467 11
2468 11
2469 11
2470 11
2471 11
2472 11
2473 11
2474 11
2475 11
2476 11
2477 11
2478 11
2479 11
2480 11
2481 11
2482 11
2483 11
2484 11
2485 11
2486 11
2487 11
2488 11
2489 11
2490 11
2491 11
2492 11
2493 11
2494 11
2495 11
2496 11
2497 11
2498 11
2499 11
2500 11
2501 11
2502 11
2503 11
2504 11
2505 11
2506 11
2507 11
2508 11
2509 11
2510 11
2511 11
2512 11
2513 11
2514 11
2515 11
2516 11
2517 11
2518 11
2519 11
2520 11
2521 11
2522 11
2523 11
2524 11
2525 11
2526 11
2527 11
2528 11
2529 11
2530 11
2531 11
2532 11
2533 11
2534 11
2535 11
2536 11
2537 11
2538 11
2539 11
2540 11
2541 11
2542 11
2543 11
2544 11
2545 11
2546 11
2547 11
2548 11
2549 11
2550 11
2551 11
2552 11
2553 11
2554 11
2555 11
2556 11
2557 11
2558 11
2559 11
2560 11
2561 11
2562 11
2563 11
2564 11
2565 11
2566 11
2567 11
2568 11
2569 11
2570 11
2571 11
2572 11
2573 11
2574 11
2575 11
2576 11
2577 11
2578 11
2579 11
2580 11
2581 11
2582 11
2583 11
2584 11
2585 11
2586 11
2587 11
2588 11
2589 11
2590 11
2591 11
2592 11
2593 11
2594 11
2595 11
2596 11
2597 11
2598 11
2599 11
2600 11
2601 11
2602 11
2603 11
2604 11
2605 11
2606 11
2607 11
2608 11
2609 11
2610 11
2611 11
2612 11
2613 11
2614 11
2615 11
2616 11
2617 11
2618 11
2619 11
2620 11
2621 11
2622 11
2623 11
2624 11
2625 11
2626 11
2627 11
2628 11
2629 11
2630 11
2631 11
2632 11
2633 11
2634 11
2635 11
2636 11
2637 11
2638 11
2639 11
2640 11
2641 11
2642 11
2643 11
2644 11
2645 11
2646 11
2647 11
2648 11
2649 11
2650 11
2651 11
2652 11
2653 11
2654 11
2655 11
2656 11
2657 11
2658 11
2659 11
2660 11
2661 11
2662 11
2663 11
2664 11
2665 11
2666 11
2667 11
2668 11
2669 11
2670 11
2671 11
2672 11
2673 11
2674 11
2675 11
2676 11
2677 11
2678 11
2679 11
2680 11
2681 11
2682 11
2683 12
2684 12
2685 12
2686 12
2687 12
2688 12
2689 12
2690 12
2691 12
2692 12
2693 12
2694 12
2695 12
2696 12
2697 12
2698 12
2699 12
2700 12
2701 12
2702 12
2703 12
2704 12
2705 12
2706 12
2707 12
2708 12
2709 12
2710 12
2711 12
2712 12
2713 12
2714 12
2715 12
2716 12
2717 12
2718 12
2719 12
2720 12
2721 12
2722 12
2723 12
2724 12
2725 12
2726 12
2727 12
2728 12
2729 12
2730 12
2731 12
2732 12
2733 12
2734 12
2735 12
2736 12
2737 12
2738 12
2739 12
2740 12
2741 12
2742 12
2743 12
2744 12
2745 12
2746 12
2747 12
2748 12
2749 12
2750 12
2751 12
2752 12
2753 12
2754 12
2755 12
2756 12
2757 12
2758 12
2759 12
2760 12
2761 12
2762 12
2763 12
2764 12
2765 12
2766 12
2767 12
2768 12
2769 12
2770 12
2771 12
2772 12
2773 12
2774 12
2775 12
2776 12
2777 12
2778 12
2779 12
2780 12
2781 12
2782 12
2783 12
2784 12
2785 12
2786 12
2787 12
2788 12
2789 12
2790 12
2791 12
2792 12
2793 12
2794 12
2795 12
2796 12
2797 12
2798 12
2799 12
2800 12
2801 12
2802 12
2803 12
2804 12
2805 12
2806 12
2807 12
2808 12
2809 12
2810 12
2811 12
2812 12
2813 12
2814 12
2815 12
2816 12
2817 12
2818 12
2819 12
2820 12
2821 12
2822 12
2823 12
2824 12
2825 12
2826 12
2827 12
2828 12
2829 12
2830 12
2831 12
2832 12
2833 12
2834 12
2835 12
2836 12
2837 12
2838 12
2839 12
2840 12
2841 12
2842 12
2843 12
2844 12
2845 12
2846 12
2847 12
2848 12
2849 12
2850 12
2851 12
2852 13
2853 13
2854 13
2855 13
2856 13
2857 13
2858 13
2859 13
2860 13
2861 13
2862 13
2863 13
2864 13
2865 13
2866 13
2867 13
2868 13
2869 13
2870 13
2871 13
2872 13
2873 13
2874 13
2875 13
2876 13
2877 13
2878 13
2879 13
2880 13
2881 13
2882 13
2883 13
2884 13
2885 13
2886 13
2887 13
2888 13
2889 13
2890 13
2891 13
2892 13
2893 13
2894 13
2895 13
2896 13
2897 13
2898 13
2899 13
2900 13
2901 13
2902 13
2903 13
2904 13
2905 13
2906 13
2907 13
2908 13
2909 13
2910 13
2911 13
2912 13
2913 13
2914 13
2915 13
2916 13
2917 13
2918 13
2919 13
2920 13
2921 13
2922 13
2923 13
2924 13
2925 13
2926 13
2927 13
2928 13
2929 13
2930 13
2931 13
2932 13
2933 13
2934 13
2935 13
2936 13
2937 13
2938 13
2939 13
2940 13
2941 13
2942 13
2943 13
2944 13
2945 13
2946 13
2947 13
2948 13
2949 13
2950 13
2951 13
2952 13
2953 13
2954 13
2955 13
2956 13
2957 13
2958 13
2959 13
2960 13
2961 13
2962 13
2963 13
2964 13
2965 13
2966 13
2967 13
2968 13
2969 13
2970 13
2971 13
2972 13
2973 13
2974 13
2975 13
2976 13
2977 13
2978 13
2979 13
2980 13
2981 13
2982 13
2983 13
2984 13
2985 13
2986 13
2987 13
2988 13
2989 13
2990 13
2991 13
2992 13
2993 13
2994 13
2995 13
2996 13
2997 13
2998 13
2999 13
3000 13
3001 13
3002 13
3003 13
3004 13
3005 13
3006 13
3007 13
3008 13
3009 13
3010 13
3011 13
3012 13
3013 13
3014 13
3015 13
3016 13
3017 13
3018 13
3019 13
3020 13
3021 13
3022 13
3023 13
3024 13
3025 13
3026 13
3027 13
3028 13
3029 13
3030 13
3031 13
3032 13
3033 13
3034 13
3035 13
3036 13
3037 13
3038 13
3039 13
3040 13
3041 13
3042 13
3043 13
3044 13
3045 13
3046 13
3047 13
3048 13
3049 13
3050 13
3051 13
3052 13
3053 13
3054 13
3055 13
3056 13
3057 13
3058 13
3059 13
3060 13
3061 13
3062 13
3063 13
3064 13
3065 13
3066 13
3067 13
3068 13
3069 13
3070 13
3071 14
3072 14
3073 14
3074 14
3075 14
3076 14
3077 14
3078 14
3079 14
3080 14
3081 14
3082 14
3083 14
3084 14
3085 14
3086 14
3087 14
3088 14
3089 14
3090 14
3091 14
3092 14
3093 14
3094 14
3095 14
3096 14
3097 14
3098 14
3099 14
3100 14
3101 14
3102 14
3103 14
3104 14
3105 14
3106 14
3107 14
3108 14
3109 14
3110 14
3111 14
3112 14
3113 14
3114 14
3115 14
3116 14
3117 14
3118 14
3119 14
3120 14
3121 14
3122 14
3123 14
3124 14
3125 14
3126 14
3127 14
3128 14
3129 14
3130 14
3131 14
3132 14
3133 14
3134 14
3135 14
3136 14
3137 14
3138 14
3139 14
3140 14
3141 14
3142 14
3143 14
3144 14
3145 14
3146 14
3147 14
3148 14
3149 14
3150 14
3151 14
3152 14
3153 14
3154 14
3155 14
3156 14
3157 14
3158 14
3159 14
3160 14
3161 14
3162 14
3163 14
3164 14
3165 14
3166 14
3167 14
3168 14
3169 14
3170 14
3171 14
3172 14
3173 14
3174 14
3175 14
3176 14
3177 14
3178 14
3179 14
3180 14
3181 14
3182 14
3183 14
3184 14
3185 14
3186 14
3187 14
3188 14
3189 14
3190 14
3191 14
3192 14
3193 14
3194 14
3195 14
3196 14
3197 14
3198 14
3199 14
3200 14
3201 14
3202 14
3203 14
3204 14
3205 14
3206 14
3207 14
3208 14
3209 14
3210 14
3211 14
3212 14
3213 14
3214 14
3215 14
3216 14
3217 14
3218 14
3219 14
3220 14
3221 14
3222 14
3223 14
3224 14
3225 14
3226 14
3227 14
3228 14
3229 14
3230 14
3231 14
3232 14
3233 14
3234 14
3235 14
3236 14
3237 14
3238 14
3239 15
3240 15
3241 15
3242 15
3243 15
3244 15
3245 15
3246 15
3247 15
3248 15
3249 15
3250 15
3251 15
3252 15
3253 15
3254 15
3255 15
3256 15
3257 15
3258 15
3259 15
3260 15
3261 15
3262 15
3263 15
3264 15
3265 15
3266 15
3267 15
3268 15
3269 15
3270 15
3271 15
3272 15
3273 15
3274 15
3275 15
3276 15
3277 15
3278 15
3279 15
3280 15
3281 15
3282 15
3283 15
3284 15
3285 15
3286 15
3287 15
3288 15
3289 15
3290 15
3291 15
3292 15
3293 15
3294 15
3295 15
3296 15
3297 15
3298 15
3299 15
3300 15
3301 15
3302 15
3303 15
3304 15
3305 15
3306 15
3307 15
3308 15
3309 15
3310 15
3311 15
3312 15
3313 15
3314 15
3315 15
3316 15
3317 15
3318 15
3319 15
3320 15
3321 15
3322 15
3323 15
3324 15
3325 15
3326 15
3327 15
3328 15
3329 15
3330 15
3331 15
3332 15
3333 15
3334 15
3335 15
3336 15
3337 15
3338 15
3339 15
3340 15
3341 15
3342 15
3343 15
3344 15
3345 15
3346 15
3347 15
3348 15
3349 15
3350 15
3351 15
3352 15
3353 15
3354 15
3355 15
3356 15
3357 15
3358 15
3359 15
3360 15
3361 15
3362 15
3363 15
3364 15
3365 15
3366 15
3367 15
3368 15
3369 15
3370 15
3371 15
3372 15
3373 15
3374 15
3375 15
3376 15
3377 15
3378 15
3379 15
3380 15
3381 15
3382 15
3383 15
3384 15
3385 15
3386 15
3387 15
3388 15
3389 15
3390 15
3391 15
3392 15
3393 15
3394 15
3395 15
3396 15
3397 15
3398 15
3399 15
3400 15
3401 15
3402 15
3403 15
3404 15
3405 15
3406 15
3407 15
3408 15
3409 15
3410 15
3411 15
3412 15
3413 15
3414 15
3415 15
3416 15
3417 15
3418 15
3419 15
3420 15
3421 15
3422 15
3423 15
3424 15
3425 15
3426 15
3427 15
3428 15
3429 15
3430 15
3431 15
3432 15
3433 15
3434 15
3435 15
3436 15
3437 15
3438 15
3439 15
3440 15
3441 15
3442 15
3443 15
3444 15
3445 15
3446 15
3447 15
3448 15
3449 15
3450 15
3451 15
3452 15
3453 15
3454 15
3455 15
3456 15
3457 15
3458 15
3459 15
3460 15
3461 15
3462 15
3463 15
3464 15
3465 15
3466 15
3467 15
3468 15
3469 15
3470 15
3471 15
3472 15
3473 15
3474 15
3475 15
3476 15
3477 15
3478 15
3479 15
3480 15
3481 15
3482 15
3483 15
3484 15
3485 15
3486 15
3487 15
3488 15
3489 15
3490 15
3491 15
3492 15
3493 15
3494 15
3495 15
3496 15
3497 15
3498 15
3499 15
3500 15
3501 15
3502 15
3503 15
3504 15
3505 15
3506 15
3507 15
3508 15
3509 15
3510 15
3511 15
3512 15
3513 15
3514 15
3515 15
3516 15
3517 15
3518 15
3519 15
3520 15
3521 15
3522 15
3523 15
3524 15
3525 15
3526 15
3527 15
3528 15
3529 15
3530 15
3531 15
3532 15
3533 15
3534 15
3535 15
3536 15
3537 15
3538 15
3539 15
3540 15
3541 15
3542 15
3543 15
3544 15
3545 15
3546 15
3547 15
3548 15
3549 15
3550 15
3551 15
3552 15
3553 15
3554 15
3555 15
3556 15
3557 15
3558 15
3559 15
3560 15
3561 15
3562 15
3563 15
3564 15
3565 15
3566 15
3567 15
3568 15
3569 15
3570 15
3571 15
3572 15
3573 15
3574 15
3575 15
3576 15
3577 15
3578 15
3579 15
3580 15
3581 15
3582 15
3583 15
3584 15
3585 15
3586 15
3587 15
3588 15
3589 15
3590 15
3591 15
3592 15
3593 15
3594 15
3595 15
3596 15
3597 15
3598 15
3599 15
3600 15
3601 15
3602 15
3603 15
3604 15
3605 15
3606 15
3607 15
3608 15
3609 15
3610 15
3611 15
3612 15
3613 15
3614 15
3615 15
3616 15
3617 15
3618 15
3619 15
3620 15
3621 15
3622 15
3623 15
3624 15
3625 15
3626 15
3627 15
3628 15
3629 15
3630 15
3631 15
3632 15
3633 15
3634 15
3635 15
3636 15
3637 15
3638 15
3639 15
3640 15
3641 15
3642 15
3643 15
3644 15
3645 15
3646 15
3647 15
3648 15
3649 15
3650 15
3651 15
3652 15
3653 15
3654 15
3655 15
3656 15
3657 15
3658 15
3659 15
3660 15
3661 15
3662 15
3663 15
3664 15
3665 15
3666 15
3667 15
3668 15
3669 15
3670 15
3671 15
3672 15
3673 15
3674 15
3675 15
3676 15
3677 15
3678 15
3679 15
3680 15
3681 15
3682 15
3683 15
3684 15
3685 15
3686 15
3687 15
3688 15
3689 15
3690 15
3691 15
3692 15
3693 15
3694 15
3695 15
3696 15
3697 15
3698 15
3699 15
3700 15
3701 15
3702 15
3703 15
3704 15
3705 15
3706 15
3707 15
3708 15
3709 15
3710 15
3711 15
3712 15
3713 15
3714 15
3715 15
3716 15
3717 15
3718 15
3719 15
3720 15
3721 15
3722 15
3723 15
3724 15
3725 15
3726 15
3727 15
3728 15
3729 15
3730 15
3731 15
3732 15
3733 15
3734 15
3735 15
3736 15
3737 15
3738 15
3739 15
3740 15
3741 15
3742 15
3743 15
3744 15
3745 15
3746 15
3747 15
3748 15
3749 15
3750 15
3751 15
3752 15
3753 15
3754 15
3755 15
3756 15
3757 15
3758 15
3759 15
3760 15
3761 15
3762 15
3763 15
3764 15
3765 15
3766 15
3767 15
3768 15
3769 15
3770 15
3771 15
3772 15
3773 15
3774 15
3775 15
3776 15
3777 15
3778 15
3779 15
3780 15
3781 15
3782 15
3783 15
3784 15
3785 15
3786 15
3787 15
3788 15
3789 15
3790 15
3791 15
3792 15
3793 15
3794 15
3795 15
3796 15
3797 15
3798 15
3799 15
3800 15
3801 15
3802 15
3803 15
3804 15
3805 15
3806 15
3807 15
3808 15
3809 15
3810 15
3811 15
3812 15
3813 15
3814 15
3815 15
3816 15
3817 15
3818 15
3819 15
3820 15
3821 15
3822 15
3823 15
3824 15
3825 15
3826 15
3827 15
3828 15
3829 15
3830 15
3831 15
3832 15
3833 15
3834 15
3835 15
3836 15
3837 15
3838 15
3839 15
3840 15
3841 15
3842 15
3843 15
3844 15
3845 15
3846 15
3847 15
3848 15
3849 15
3850 15
3851 15
3852 15
3853 15
3854 15
3855 15
3856 15
3857 15
3858 15
3859 15
3860 15
3861 15
3862 15
3863 15
3864 15
3865 15
3866 15
3867 15
3868 15
3869 15
3870 15
3871 15
3872 15
3873 15
3874 15
3875 15
3876 15
3877 15
3878 15
3879 15
3880 15
3881 15
3882 15
3883 15
3884 15
3885 15
3886 15
3887 15
3888 15
3889 15
3890 15
3891 15
3892 15
3893 15
3894 15
3895 15
3896 15
3897 15
3898 15
3899 15
3900 15
3901 15
3902 15
3903 15
3904 15
3905 15
3906 15
3907 15
3908 15
3909 15
3910 15
3911 15
3912 15
3913 15
3914 15
3915 15
3916 15
3917 15
3918 15
3919 15
3920 15
3921 15
3922 15
3923 15
3924 15
3925 15
3926 15
3927 15
3928 15
3929 15
3930 15
3931 15
3932 15
3933 15
3934 15
3935 15
3936 15
3937 15
3938 15
3939 15
3940 15
3941 15
3942 15
3943 15
3944 16
3945 16
3946 16
3947 16
3948 16
3949 16
3950 16
3951 16
3952 16
3953 16
3954 16
3955 16
3956 16
3957 16
3958 16
3959 16
3960 16
3961 16
3962 16
3963 16
3964 16
3965 16
3966 16
3967 16
3968 16
3969 16
3970 16
3971 16
3972 16
3973 16
3974 16
3975 16
3976 16
3977 16
3978 16
3979 16
3980 16
3981 16
3982 16
3983 16
3984 16
3985 16
3986 16
3987 16
3988 16
3989 16
3990 16
3991 16
3992 16
3993 16
3994 16
3995 16
3996 16
3997 16
3998 16
3999 16
4000 16
4001 16
4002 16
4003 16
4004 16
4005 16
4006 16
4007 16
4008 16
4009 16
4010 16
4011 16
4012 16
4013 16
4014 16
4015 16
4016 16
4017 16
4018 16
4019 16
4020 16
4021 16
4022 16
4023 16
4024 16
4025 16
4026 16
4027 16
4028 16
4029 16
4030 16
4031 17
4032 17
4033 17
4034 17
4035 17
4036 17
4037 17
4038 17
4039 17
4040 17
4041 17
4042 17
4043 17
4044 17
4045 17
4046 17
4047 17
4048 17
4049 17
4050 17
4051 17
4052 17
4053 17
4054 17
4055 17
4056 17
4057 17
4058 17
4059 17
4060 17
4061 17
4062 17
4063 17
4064 17
4065 17
4066 17
4067 17
4068 17
4069 17
4070 17
4071 17
4072 17
4073 17
4074 17
4075 17
4076 17
4077 17
4078 17
4079 17
4080 17
4081 17
4082 17
4083 17
4084 17
4085 17
4086 17
4087 17
4088 17
4089 17
4090 17
4091 17
4092 17
4093 17
4094 17
4095 17
4096 17
4097 17
4098 17
4099 17
4100 17
4101 17
4102 17
4103 17
4104 17
4105 17
4106 17
4107 17
4108 17
4109 17
4110 17
4111 17
4112 17
4113 17
4114 17
4115 17
4116 17
4117 17
4118 17
4119 17
4120 17
4121 17
4122 17
4123 17
4124 17
4125 17
4126 17
4127 17
4128 17
4129 17
4130 17
4131 17
4132 17
4133 17
4134 17
4135 17
4136 17
4137 17
4138 17
4139 17
4140 17
4141 17
4142 17
4143 17
4144 17
4145 17
4146 17
4147 17
4148 17
4149 17
4150 17
4151 17
4152 17
4153 17
4154 17
4155 17
4156 17
4157 17
4158 17
4159 17
4160 17
4161 17
4162 17
4163 17
4164 17
4165 17
4166 17
4167 17
4168 17
4169 17
4170 17
4171 17
4172 17
4173 17
4174 17
4175 17
4176 17
4177 17
4178 17
4179 17
4180 17
4181 17
4182 17
4183 17
4184 17
4185 17
4186 17
4187 17
4188 17
4189 17
4190 17
4191 17
4192 17
4193 17
4194 17
4195 17
4196 17
4197 17
4198 17
4199 17
4200 17
4201 17
4202 17
4203 17
4204 17
4205 17
4206 17
4207 17
4208 17
4209 17
4210 17
4211 17
4212 17
4213 17
4214 17
4215 17
4216 17
4217 17
4218 17
4219 17
4220 17
4221 18
4222 18
4223 18
4224 18
4225 18
4226 18
4227 18
4228 18
4229 19
4230 19
4231 19
4232 19
4233 19
4234 19
4235 19
4236 19
4237 19
4238 19
4239 19
4240 19
4241 19
4242 19
4243 19
4244 19
4245 19
4246 19
4247 19
4248 19
4249 19
4250 19
4251 19
4252 19
4253 19
4254 19
4255 19
4256 19
4257 19
4258 19
4259 19
4260 19
4261 19
4262 19
4263 19
4264 19
4265 19
4266 19
4267 19
4268 19
4269 19
4270 19
4271 19
4272 19
4273 19
4274 19
4275 19
4276 19
4277 19
4278 19
4279 19
4280 19
4281 19
4282 19
4283 19
4284 19
4285 19
4286 19
4287 19
4288 19
4289 19
4290 19
4291 19
4292 19
4293 19
4294 19
4295 19
4296 19
4297 19
4298 19
4299 19
4300 19
4301 19
4302 19
4303 19
4304 19
4305 19
4306 19
4307 19
4308 19
4309 19
4310 19
4311 19
4312 19
4313 19
4314 19
4315 19
4316 19
4317 19
4318 19
4319 19
4320 19
4321 19
4322 19
4323 19
4324 19
4325 19
4326 19
4327 19
4328 19
4329 20
4330 20
4331 20
4332 20
4333 20
4334 20
4335 20
4336 20
4337 20
4338 20
4339 20
4340 20
4341 20
4342 20
4343 20
4344 20
4345 20
4346 20
4347 20
4348 20
4349 20
4350 20
4351 20
4352 20
4353 20
4354 20
4355 20
4356 20
4357 20
4358 20
4359 20
4360 20
4361 20
4362 20
4363 20
4364 20
4365 20
4366 20
4367 20
4368 20
4369 20
4370 20
4371 20
4372 20
4373 20
4374 20
4375 20
4376 20
4377 20
4378 20
4379 20
4380 20
4381 20
4382 20
4383 20
4384 20
4385 20
4386 20
4387 20
4388 20
4389 20
4390 20
4391 20
4392 20
4393 20
4394 20
4395 20
4396 20
4397 20
4398 20
4399 20
4400 20
4401 20
4402 20
4403 20
4404 21
4405 21
4406 21
4407 21
4408 21
4409 21
4410 21
4411 21
4412 21
4413 21
4414 21
4415 21
4416 21
4417 21
4418 21
4419 21
4420 21
4421 21
4422 21
4423 21
4424 21
4425 21
4426 21
4427 21
4428 21
4429 21
4430 21
4431 21
4432 21
4433 21
4434 21
4435 21
4436 21
4437 21
4438 21
4439 21
4440 21
4441 21
4442 21
4443 21
4444 21
4445 21
4446 21
4447 21
4448 21
4449 21
4450 21
4451 21
4452 21
4453 21
4454 21
4455 21
4456 21
4457 21
4458 21
4459 21
4460 21
4461 21
4462 21
4463 21
4464 21
4465 21
4466 21
4467 21
4468 21
4469 21
4470 21
4471 21
4472 21
4473 21
4474 21
4475 21
4476 21
4477 21
4478 21
4479 21
4480 21
4481 21
4482 21
4483 21
4484 21
4485 21
4486 21
4487 21
4488 21
4489 21
4490 21
4491 21
4492 21
4493 21
4494 21
4495 21
4496 21
4497 21
4498 21
4499 21
4500 21
4501 21
4502 21
4503 21
4504 21
4505 21
4506 21
4507 21
4508 21
4509 21
4510 21
4511 21
4512 21
4513 21
4514 21
4515 21
4516 21
4517 22
4518 22
4519 22
4520 22
4521 22
4522 22
4523 22
4524 22
4525 22
4526 22
4527 22
4528 22
4529 22
4530 22
4531 22
4532 22
4533 22
4534 22
4535 22
4536 22
4537 22
4538 22
4539 22
4540 22
4541 22
4542 22
4543 22
4544 22
4545 22
4546 22
4547 22
4548 22
4549 22
4550 22
4551 22
4552 22
4553 22
4554 22
4555 22
4556 22
4557 22
4558 22
4559 22
4560 22
4561 22
4562 22
4563 22
4564 22
4565 22
4566 22
4567 22
4568 22
4569 22
4570 22
4571 22
4572 22
4573 22
4574 22
4575 22
4576 22
4577 22
4578 22
4579 22
4580 22
4581 22
4582 22
4583 22
4584 22
4585 22
4586 22
4587 22
4588 22
4589 22
4590 22
4591 22
4592 22
4593 22
4594 22
4595 22
4596 22
4597 22
4598 22
4599 22
4600 22
4601 22
4602 22
4603 22
4604 22
4605 22
4606 22
4607 22
4608 22
4609 22
4610 22
4611 22
4612 22
4613 22
4614 22
4615 22
4616 22
4617 22
4618 22
4619 22
4620 22
4621 22
4622 22
4623 22
4624 22
4625 22
4626 22
4627 22
4628 22
4629 22
4630 22
4631 22
4632 22
4633 22
4634 22
4635 22
4636 22
4637 22
4638 22
4639 22
4640 22
4641 22
4642 22
4643 22
4644 22
4645 22
4646 22
4647 22
4648 22
4649 22
4650 22
4651 22
4652 22
4653 22
4654 22
4655 22
4656 22
4657 22
4658 22
4659 22
4660 22
4661 22
4662 22
4663 22
4664 22
4665 22
4666 23
4667 23
4668 23
4669 23
4670 23
4671 23
4672 23
4673 23
4674 23
4675 23
4676 23
4677 23
4678 23
4679 23
4680 23
4681 23
4682 23
4683 23
4684 23
4685 23
4686 23
4687 23
4688 23
4689 23
4690 23
4691 23
4692 23
4693 23
4694 23
4695 23
4696 23
4697 23
4698 23
4699 23
4700 23
4701 23
4702 23
4703 23
4704 23
4705 23
4706 23
4707 23
4708 23
4709 23
4710 23
4711 23
4712 23
4713 23
4714 23
4715 23
4716 23
4717 23
4718 23
4719 23
4720 23
4721 23
4722 23
4723 23
4724 23
4725 23
4726 23
4727 23
4728 23
4729 23
4730 23
4731 23
4732 23
4733 23
4734 23
4735 23
4736 23
4737 23
4738 24
4739 24
4740 24
4741 24
4742 24
4743 24
4744 24
4745 24
4746 24
4747 24
4748 24
4749 24
4750 24
4751 24
4752 24
4753 24
4754 24
4755 24
4756 24
4757 24
4758 24
4759 24
4760 24
4761 24
4762 24
4763 24
4764 24
4765 24
4766 24
4767 24
4768 24
4769 24
4770 24
4771 24
4772 24
4773 24
4774 24
4775 24
4776 24
4777 24
4778 24
4779 24
4780 24
4781 24
4782 24
4783 24
4784 24
4785 24
4786 24
4787 24
4788 24
4789 24
4790 24
4791 24
4792 24
4793 24
4794 24
4795 24
4796 24
4797 24
4798 25
4799 25
4800 25
4801 25
4802 25
4803 25
4804 25
4805 25
4806 25
4807 25
4808 25
4809 25
4810 25
4811 25
4812 25
4813 25
4814 25
4815 25
4816 25
4817 25
4818 25
4819 25
4820 25
4821 25
4822 25
4823 25
4824 25
4825 25
4826 25
4827 25
4828 25
4829 25
4830 26
4831 26
4832 26
4833 26
4834 26
4835 26
4836 26
4837 26
4838 26
4839 26
4840 26
4841 26
4842 26
4843 26
4844 26
4845 26
4846 26
4847 26
4848 26
4849 26
4850 26
4851 26
4852 26
4853 26
4854 26
4855 26
4856 26
4857 26
4858 26
4859 26
4860 26
4861 26
4862 26
4863 26
4864 26
4865 26
4866 26
4867 26
4868 26
4869 26
4870 26
4871 26
4872 26
4873 26
4874 26
4875 26
4876 26
4877 26
4878 26
4879 26
4880 26
4881 26
4882 26
4883 26
4884 26
4885 26
4886 26
4887 26
4888 26
4889 27
4890 27
4891 27
4892 27
4893 27
4894 27
4895 27
4896 27
4897 27
4898 27
4899 27
4900 27
4901 27
4902 27
4903 27
4904 27
4905 27
4906 27
4907 27
4908 27
4909 27
4910 27
4911 27
4912 27
4913 27
4914 27
4915 27
4916 27
4917 27
4918 27
4919 27
4920 27
4921 27
4922 27
4923 27
4924 27
4925 27
4926 27
4927 27
4928 27
4929 27
4930 27
4931 27
4932 27
4933 27
4934 27
4935 27
4936 27
4937 27
4938 27
4939 27
4940 27
4941 27
4942 27
4943 27
4944 27
4945 27
4946 27
4947 27
4948 27
4949 27
4950 27
4951 27
4952 27
4953 27
4954 27
4955 27
4956 27
4957 27
4958 27
4959 27
4960 27
4961 27
4962 27
4963 27
4964 27
4965 27
4966 27
4967 27
4968 27
4969 27
4970 27
4971 27
4972 27
4973 27
4974 27
4975 27
4976 27
4977 27
4978 27
4979 27
4980 27
4981 27
4982 27
4983 27
4984 27
4985 27
4986 27
4987 27
4988 27
4989 27
4990 27
4991 27
4992 27
4993 27
4994 27
4995 27
4996 27
4997 27
4998 27
4999 27
5000 27
5001 27
5002 27
5003 27
5004 27
5005 27
5006 27
5007 27
5008 27
5009 27
5010 27
5011 27
5012 27
5013 27
5014 27
5015 27
5016 27
5017 27
5018 27
5019 27
5020 28
5021 28
5022 28
5023 28
5024 28
5025 28
5026 28
5027 28
5028 28
5029 28
5030 28
5031 28
5032 28
5033 28
5034 28
5035 28
5036 28
5037 28
5038 28
5039 28
5040 28
5041 28
5042 28
5043 28
5044 28
5045 28
5046 28
5047 28
5048 28
5049 28
5050 28
5051 28
5052 28
5053 28
5054 28
5055 28
5056 28
5057 28
5058 28
5059 28
5060 28
5061 28
5062 28
5063 28
5064 28
5065 28
5066 28
5067 28
5068 28
5069 28
5070 28
5071 28
5072 28
5073 28
5074 28
5075 28
5076 28
5077 28
5078 28
5079 28
5080 28
5081 28
5082 28
5083 28
5084 28
5085 28
5086 28
5087 28
5088 28
5089 28
5090 28
5091 28
5092 28
5093 29
5094 29
5095 29
5096 29
5097 29
5098 29
5099 29
5100 29
5101 29
5102 29
5103 29
5104 29
5105 29
5106 29
5107 29
5108 29
5109 29
5110 29
5111 29
5112 29
5113 29
5114 29
5115 29
5116 29
5117 29
5118 29
5119 29
5120 29
5121 29
5122 29
5123 29
5124 29
5125 29
5126 29
5127 29
5128 29
5129 29
5130 29
5131 29
5132 29
5133 29
5134 29
5135 29
5136 29
5137 29
5138 29
5139 29
5140 29
5141 29
5142 29
5143 29
5144 29
5145 29
5146 29
5147 29
5148 29
5149 29
5150 29
5151 29
5152 29
5153 29
5154 30
5155 30
5156 30
5157 30
5158 30
5159 30
5160 30
5161 30
5162 30
5163 30
5164 30
5165 30
5166 30
5167 30
5168 30
5169 30
5170 30
5171 30
5172 30
5173 30
5174 30
5175 30
5176 30
5177 30
5178 30
5179 30
5180 30
5181 30
5182 30
5183 30
5184 30
5185 30
5186 30
5187 30
5188 30
5189 30
5190 30
5191 30
5192 30
5193 30
5194 30
5195 30
5196 30
5197 30
5198 30
5199 30
5200 30
5201 30
5202 30
5203 30
5204 30
5205 30
5206 30
5207 30
5208 30
5209 30
5210 30
5211 30
5212 30
5213 30
5214 30
5215 30
5216 30
5217 30
5218 30
5219 30
5220 30
5221 30
5222 30
5223 30
5224 30
5225 30
5226 30
5227 30
5228 30
5229 30
5230 30
5231 30
5232 30
5233 30
5234 30
5235 30
5236 30
5237 30
5238 30
5239 30
5240 30
5241 30
5242 30
5243 30
5244 30
5245 30
5246 30
5247 30
5248 30
5249 30
5250 30
5251 30
5252 30
5253 30
5254 30
5255 30
5256 30
5257 30
5258 30
5259 30
5260 30
5261 30
5262 30
5263 30
5264 31
5265 31
5266 31
5267 31
5268 31
5269 31
5270 31
5271 31
5272 31
5273 31
5274 31
5275 31
5276 31
5277 31
5278 31
5279 31
5280 32
5281 32
5282 32
5283 32
5284 32
5285 32
5286 32
5287 32
5288 32
5289 32
5290 32
5291 32
5292 32
5293 32
5294 32
5295 32
5296 32
5297 32
5298 32
5299 32
5300 32
5301 32
5302 32
5303 32
5304 32
5305 32
5306 32
5307 32
5308 32
5309 32
5310 32
5311 32
5312 32
5313 32
5314 32
5315 32
5316 32
5317 32
5318 32
5319 32
5320 32
5321 32
5322 32
5323 32
5324 32
5325 32
5326 32
5327 32
5328 32
5329 32
5330 32
5331 32
5332 32
5333 32
5334 32
5335 32
5336 32
5337 32
5338 32
5339 32
5340 32
5341 32
5342 32
5343 32
5344 32
5345 32
5346 32
5347 32
5348 32
5349 32
5350 32
5351 32
5352 32
5353 32
5354 32
5355 32
5356 32
5357 32
5358 32
5359 32
5360 32
5361 32
5362 32
5363 32
5364 32
5365 32
5366 32
5367 32
5368 32
5369 32
5370 32
5371 32
5372 32
5373 32
5374 32
5375 32
5376 32
5377 32
5378 32
5379 32
5380 32
5381 32
5382 32
5383 32
5384 32
5385 32
5386 32
5387 32
5388 32
5389 32
5390 32
5391 32
5392 32
5393 32
5394 32
5395 32
5396 32
5397 32
5398 32
5399 32
5400 32
5401 32
5402 32
5403 32
5404 32
5405 32
5406 32
5407 32
5408 32
5409 32
5410 32
5411 32
5412 32
5413 32
5414 32
5415 32
5416 32
5417 32
5418 32
5419 32
5420 32
5421 32
5422 32
5423 32
5424 32
5425 32
5426 32
5427 32
5428 32
5429 32
5430 32
5431 32
5432 32
5433 32
5434 32
5435 32
5436 32
5437 32
5438 32
5439 32
5440 32
5441 32
5442 32
5443 32
5444 32
5445 32
5446 32
5447 32
5448 32
5449 32
5450 32
5451 32
5452 32
5453 32
5454 32
5455 32
5456 32
5457 32
5458 32
5459 32
5460 32
5461 32
5462 32
5463 32
5464 32
5465 32
5466 32
5467 32
5468 32
5469 32
5470 32
5471 32
5472 32
5473 32
5474 33
5475 33
5476 33
5477 33
5478 33
5479 33
5480 33
5481 33
5482 33
5483 33
5484 33
5485 33
5486 33
5487 33
5488 33
5489 33
5490 33
5491 33
5492 33
5493 33
5494 33
5495 33
5496 33
5497 33
5498 33
5499 33
5500 33
5501 33
5502 33
5503 33
5504 33
5505 33
5506 33
5507 33
5508 33
5509 33
5510 33
5511 33
5512 33
5513 33
5514 33
5515 33
5516 33
5517 33
5518 33
5519 33
5520 33
5521 33
5522 33
5523 33
5524 33
5525 33
5526 33
5527 33
5528 33
5529 33
5530 33
5531 33
5532 33
5533 33
5534 33
5535 33
5536 33
5537 33
5538 33
5539 33
5540 33
5541 33
5542 33
5543 33
5544 33
5545 33
5546 33
5547 33
5548 33
5549 33
5550 33
5551 33
5552 33
5553 33
5554 33
5555 33
5556 33
5557 33
5558 33
5559 33
5560 33
5561 33
5562 33
5563 33
5564 33
5565 33
5566 33
5567 33
5568 33
5569 33
5570 33
5571 33
5572 33
5573 33
5574 33
5575 33
5576 33
5577 33
5578 33
5579 33
5580 33
5581 33
5582 33
5583 33
5584 33
5585 33
5586 33
5587 33
5588 33
5589 33
5590 33
5591 33
5592 33
5593 33
5594 33
5595 33
5596 33
5597 33
5598 33
5599 33
5600 33
5601 33
5602 33
5603 33
5604 33
5605 33
5606 33
5607 33
5608 33
5609 33
5610 33
5611 33
5612 33
5613 33
5614 33
5615 33
5616 33
5617 33
5618 33
5619 33
5620 33
5621 33
5622 33
5623 33
5624 33
5625 33
5626 33
5627 33
5628 33
5629 33
5630 33
5631 33
5632 33
5633 33
5634 33
5635 33
5636 33
5637 33
5638 33
5639 33
5640 33
5641 33
5642 34
5643 34
5644 34
5645 34
5646 34
5647 34
5648 34
5649 34
5650 34
5651 34
5652 34
5653 34
5654 34
5655 34
5656 34
5657 34
5658 34
5659 34
5660 34
5661 34
5662 34
5663 34
5664 34
5665 34
5666 34
5667 34
5668 34
5669 34
5670 34
5671 34
5672 34
5673 34
5674 34
5675 34
5676 34
5677 34
5678 34
5679 34
5680 34
5681 34
5682 34
5683 34
5684 34
5685 34
5686 34
5687 34
5688 34
5689 34
5690 34
5691 34
5692 34
5693 34
5694 34
5695 34
5696 34
5697 34
5698 34
5699 34
5700 34
5701 34
5702 34
5703 34
5704 34
5705 34
5706 34
5707 34
5708 34
5709 34
5710 34
5711 34
5712 34
5713 34
5714 34
5715 34
5716 34
5717 34
5718 34
5719 34
5720 34
5721 34
5722 34
5723 34
5724 34
5725 34
5726 34
5727 34
5728 34
5729 34
5730 34
5731 34
5732 34
5733 34
5734 34
5735 34
5736 34
5737 34
5738 34
5739 34
5740 34
5741 34
5742 34
5743 34
5744 34
5745 34
5746 34
5747 34
5748 34
5749 34
5750 34
5751 34
5752 34
5753 34
5754 34
5755 34
5756 35
5757 35
5758 35
5759 35
5760 35
5761 35
5762 35
5763 35
5764 35
5765 35
5766 35
5767 35
5768 35
5769 35
5770 35
5771 35
5772 35
5773 35
5774 35
5775 35
5776 35
5777 35
5778 35
5779 35
5780 35
5781 35
5782 35
5783 35
5784 35
5785 35
5786 35
5787 35
5788 35
5789 35
5790 35
5791 35
5792 35
5793 35
5794 35
5795 35
5796 35
5797 35
5798 35
5799 35
5800 35
5801 35
5802 35
5803 35
5804 35
5805 35
5806 35
5807 35
5808 35
5809 35
5810 35
5811 35
5812 35
5813 35
5814 35
5815 35
5816 35
5817 35
5818 35
5819 35
5820 35
5821 35
5822 35
5823 35
5824 35
5825 35
5826 35
5827 35
5828 35
5829 35
5830 35
5831 35
5832 35
5833 35
5834 35
5835 35
5836 35
5837 35
5838 35
5839 35
5840 35
5841 35
5842 35
5843 35
5844 35
5845 35
5846 35
5847 35
5848 35
5849 35
5850 35
5851 35
5852 35
5853 35
5854 35
5855 35
5856 35
5857 35
5858 35
5859 35
5860 35
5861 35
5862 35
5863 35
5864 35
5865 35
5866 35
5867 35
5868 35
5869 35
5870 35
5871 35
5872 35
5873 35
5874 35
5875 35
5876 35
5877 35
5878 35
5879 35
5880 35
5881 35
5882 35
5883 35
5884 35
5885 35
5886 35
5887 35
5888 35
5889 35
5890 35
5891 35
5892 35
5893 35
5894 35
5895 35
5896 35
5897 35
5898 35
5899 35
5900 35
5901 35
5902 35
5903 35
5904 35
5905 35
5906 35
5907 35
5908 35
5909 35
5910 35
5911 35
5912 35
5913 35
5914 35
5915 35
5916 35
5917 35
5918 35
5919 35
5920 35
5921 35
5922 35
5923 35
5924 35
5925 35
5926 35
5927 35
5928 35
5929 35
5930 35
5931 35
5932 35
5933 35
5934 35
5935 35
5936 35
5937 35
5938 35
5939 35
5940 35
5941 35
5942 35
5943 35
5944 35
5945 35
5946 35
5947 35
5948 35
5949 35
5950 35
5951 35
5952 35
5953 35
5954 35
5955 35
5956 35
5957 35
5958 35
5959 35
5960 35
5961 35
5962 35
5963 35
5964 35
5965 35
5966 35
5967 35
5968 35
5969 35
5970 35
5971 36
5972 36
5973 36
5974 36
5975 36
5976 36
5977 36
5978 36
5979 36
5980 36
5981 36
5982 36
5983 36
5984 36
5985 36
5986 36
5987 36
5988 36
5989 36
5990 36
5991 36
5992 36
5993 36
5994 36
5995 36
5996 36
5997 36
5998 36
5999 36
6000 36
6001 36
6002 36
6003 36
6004 36
6005 36
6006 36
6007 36
6008 36
6009 36
6010 36
6011 36
6012 36
6013 36
6014 36
6015 36
6016 36
6017 36
6018 36
6019 36
6020 36
6021 36
6022 36
6023 36
6024 36
6025 36
6026 36
6027 36
6028 36
6029 36
6030 36
6031 36
6032 36
6033 36
6034 36
6035 36
6036 36
6037 36
6038 36
6039 36
6040 36
6041 36
6042 36
6043 36
6044 36
6045 36
6046 36
6047 36
6048 36
6049 36
6050 36
6051 36
6052 36
6053 36
6054 36
6055 36
6056 36
6057 36
6058 36
6059 36
6060 36
6061 36
6062 36
6063 36
6064 36
6065 36
6066 36
6067 36
6068 36
6069 36
6070 36
6071 36
6072 36
6073 36
6074 36
6075 36
6076 36
6077 36
6078 36
6079 36
6080 36
6081 36
6082 36
6083 36
6084 36
6085 36
6086 36
6087 36
6088 36
6089 36
6090 36
6091 36
6092 36
6093 36
6094 36
6095 36
6096 36
6097 36
6098 36
6099 36
6100 36
6101 36
6102 36
6103 36
6104 36
6105 36
6106 36
6107 36
6108 36
6109 36
6110 36
6111 36
6112 36
6113 36
6114 36
6115 36
6116 36
6117 36
6118 36
6119 36
6120 36
6121 36
6122 36
6123 36
6124 36
6125 36
6126 36
6127 36
6128 36
6129 36
6130 36
6131 36
6132 36
6133 36
6134 36
6135 36
6136 36
6137 36
6138 36
6139 36
6140 36
6141 36
6142 36
6143 36
6144 36
6145 36
6146 36
6147 36
6148 36
6149 36
6150 36
6151 36
6152 36
6153 36
6154 36
6155 36
6156 37
6157 37
6158 37
6159 37
6160 37
6161 37
6162 37
6163 37
6164 37
6165 37
6166 37
6167 37
6168 37
6169 37
6170 37
6171 37
6172 37
6173 37
6174 37
6175 37
6176 37
6177 37
6178 37
6179 37
6180 37
6181 37
6182 37
6183 37
6184 37
6185 37
6186 37
6187 37
6188 37
6189 37
6190 37
6191 37
6192 37
6193 37
6194 37
6195 37
6196 37
6197 37
6198 37
6199 37
6200 37
6201 37
6202 37
6203 37
6204 37
6205 37
6206 37
6207 37
6208 37
6209 37
6210 37
6211 37
6212 37
6213 37
6214 37
6215 37
6216 37
6217 37
6218 37
6219 37
6220 37
6221 37
6222 37
6223 37
6224 37
6225 37
6226 37
6227 37
6228 37
6229 37
6230 37
6231 37
6232 37
6233 37
6234 37
6235 37
6236 37
6237 37
6238 37
6239 37
6240 37
6241 37
6242 37
6243 37
6244 37
6245 37
6246 37
6247 37
6248 37
6249 37
6250 37
6251 37
6252 37
6253 37
6254 37
6255 37
6256 37
6257 37
6258 37
6259 37
6260 37
6261 37
6262 37
6263 37
6264 37
6265 37
6266 37
6267 37
6268 37
6269 37
6270 37
6271 37
6272 37
6273 37
6274 37
6275 37
6276 37
6277 37
6278 37
6279 37
6280 37
6281 37
6282 37
6283 37
6284 37
6285 37
6286 37
6287 37
6288 37
6289 37
6290 37
6291 37
6292 37
6293 37
6294 37
6295 37
6296 37
6297 37
6298 37
6299 37
6300 38
6301 38
6302 38
6303 38
6304 38
6305 38
6306 38
6307 38
6308 38
6309 38
6310 38
6311 38
6312 38
6313 38
6314 38
6315 38
6316 38
6317 38
6318 38
6319 38
6320 38
6321 38
6322 38
6323 38
6324 38
6325 38
6326 38
6327 38
6328 38
6329 38
6330 38
6331 38
6332 38
6333 38
6334 38
6335 38
6336 38
6337 38
6338 38
6339 38
6340 39
6341 39
6342 39
6343 39
6344 39
6345 39
6346 39
6347 39
6348 39
6349 39
6350 39
6351 39
6352 39
6353 39
6354 39
6355 39
6356 39
6357 39
6358 39
6359 39
6360 39
6361 39
6362 39
6363 39
6364 39
6365 39
6366 39
6367 39
6368 39
6369 39
6370 39
6371 39
6372 39
6373 39
6374 39
6375 39
6376 39
6377 39
6378 40
6379 40
6380 40
6381 40
6382 40
6383 40
6384 40
6385 40
6386 40
6387 40
6388 40
6389 40
6390 40
6391 40
6392 40
6393 40
6394 40
6395 40
6396 40
6397 40
6398 40
6399 40
6400 40
6401 40
6402 40
6403 40
6404 40
6405 40
6406 40
6407 40
6408 40
6409 40
6410 40
6411 40
6412 40
6413 40
6414 40
6415 40
6416 40
6417 40
6418 40
6419 40
6420 40
6421 40
6422 40
6423 40
6424 40
6425 40
6426 40
6427 40
6428 40
6429 40
6430 40
6431 40
6432 40
6433 40
6434 40
6435 40
6436 40
6437 40
6438 40
6439 40
6440 40
6441 40
6442 40
6443 40
6444 40
6445 40
6446 40
6447 40
6448 40
6449 40
6450 40
6451 40
6452 40
6453 40
6454 40
6455 40
6456 40
6457 40
6458 40
6459 40
6460 40
6461 40
6462 40
6463 40
6464 40
6465 40
6466 40
6467 40
6468 40
6469 40
6470 40
6471 40
6472 40
6473 40
6474 40
6475 40
6476 40
6477 40
6478 40
6479 40
6480 40
6481 40
6482 40
6483 40
6484 40
6485 40
6486 40
6487 40
6488 40
6489 40
6490 40
6491 40
6492 40
6493 40
6494 40
6495 40
6496 40
6497 40
6498 40
6499 40
6500 40
6501 40
6502 40
6503 40
6504 40
6505 40
6506 40
6507 40
6508 40
6509 40
6510 40
6511 40
6512 40
6513 40
6514 40
6515 40
6516 40
6517 40
6518 40
6519 40
6520 40
6521 40
6522 40
6523 40
6524 40
6525 40
6526 40
6527 40
6528 40
6529 40
6530 40
6531 40
6532 40
6533 40
6534 40
6535 40
6536 40
6537 40
6538 40
6539 40
6540 40
6541 40
6542 40
6543 40
6544 40
6545 40
6546 40
6547 40
6548 40
6549 40
6550 40
6551 40
6552 40
6553 40
6554 40
6555 40
6556 40
6557 40
6558 40
6559 40
6560 40
6561 40
6562 40
6563 40
6564 40
6565 40
6566 40
6567 40
6568 40
6569 40
6570 40
6571 40
6572 40
6573 40
6574 40
6575 40
6576 40
6577 40
6578 40
6579 40
6580 40
6581 40
6582 40
6583 40
6584 40
6585 40
6586 40
6587 40
6588 40
6589 40
6590 40
6591 40
6592 40
6593 40
6594 40
6595 40
6596 40
6597 40
6598 40
6599 40
6600 40
6601 40
6602 40
6603 40
6604 40
6605 40
6606 40
6607 41
6608 41
6609 41
6610 41
6611 41
6612 41
6613 41
6614 41
6615 41
6616 41
6617 41
6618 41
6619 41
6620 41
6621 41
6622 41
6623 41
6624 41
6625 41
6626 41
6627 41
6628 41
6629 41
6630 41
6631 41
6632 41
6633 41
6634 41
6635 41
6636 41
6637 41
6638 41
6639 41
6640 41
6641 41
6642 41
6643 41
6644 41
6645 41
6646 41
6647 41
6648 41
6649 41
6650 41
6651 41
6652 41
6653 41
6654 41
6655 41
6656 41
6657 41
6658 41
6659 41
6660 41
6661 41
6662 41
6663 41
6664 41
6665 41
6666 41
6667 41
6668 41
6669 41
6670 41
6671 41
6672 41
6673 41
6674 41
6675 41
6676 41
6677 41
6678 41
6679 41
6680 41
6681 41
6682 41
6683 41
6684 41
6685 41
6686 41
6687 41
6688 41
6689 41
6690 41
6691 41
6692 41
6693 41
6694 41
6695 41
6696 41
6697 41
6698 41
6699 41
6700 41
6701 41
6702 41
6703 41
6704 41
6705 41
6706 41
6707 41
6708 41
6709 41
6710 41
6711 41
6712 41
6713 41
6714 41
6715 41
6716 41
6717 41
6718 41
6719 41
6720 41
6721 41
6722 41
6723 41
6724 41
6725 41
6726 41
6727 41
6728 41
6729 41
6730 41
6731 41
6732 41
6733 41
6734 41
6735 41
6736 41
6737 41
6738 41
6739 41
6740 41
6741 41
6742 41
6743 41
6744 41
6745 41
6746 41
6747 41
6748 41
6749 41
6750 41
6751 41
6752 41
6753 41
6754 41
6755 41
6756 41
6757 41
6758 41
6759 41
6760 41
6761 41
6762 41
6763 41
6764 41
6765 41
6766 41
6767 41
6768 41
6769 42
6770 42
6771 42
6772 42
6773 42
6774 42
6775 42
6776 42
6777 42
6778 42
6779 42
6780 42
6781 42
6782 42
6783 42
6784 42
6785 42
6786 42
6787 42
6788 42
6789 42
6790 42
6791 42
6792 42
6793 42
6794 42
6795 42
6796 42
6797 42
6798 42
6799 42
6800 42
6801 42
6802 42
6803 42
6804 42
6805 42
6806 42
6807 42
6808 42
6809 42
6810 42
6811 42
6812 42
6813 42
6814 42
6815 42
6816 42
6817 42
6818 42
6819 42
6820 42
6821 42
6822 42
6823 42
6824 42
6825 42
6826 42
6827 42
6828 42
6829 42
6830 42
6831 42
6832 42
6833 42
6834 42
6835 42
6836 42
6837 42
6838 42
6839 42
6840 42
6841 42
6842 42
6843 42
6844 42
6845 42
6846 42
6847 42
6848 42
6849 42
6850 42
6851 42
6852 42
6853 42
6854 42
6855 42
6856 42
6857 42
6858 42
6859 43
6860 43
6861 43
6862 43
6863 43
6864 43
6865 43
6866 43
6867 43
6868 43
6869 43
6870 43
6871 43
6872 43
6873 43
6874 43
6875 43
6876 43
6877 43
6878 43
6879 43
6880 43
6881 43
6882 43
6883 43
6884 43
6885 43
6886 43
6887 43
6888 43
6889 43
6890 43
6891 43
6892 43
6893 43
6894 43
6895 43
6896 43
6897 43
6898 43
6899 43
6900 43
6901 43
6902 43
6903 43
6904 43
6905 43
6906 43
6907 43
6908 43
6909 43
6910 43
6911 43
6912 43
6913 43
6914 43
6915 43
6916 43
6917 43
6918 43
6919 43
6920 43
6921 43
6922 43
6923 43
6924 43
6925 43
6926 43
6927 44
6928 44
6929 44
6930 44
6931 44
6932 44
6933 44
6934 44
6935 44
6936 44
6937 44
6938 44
6939 44
6940 44
6941 44
6942 44
6943 44
6944 44
6945 44
6946 44
6947 44
6948 44
6949 44
6950 44
6951 44
6952 44
6953 44
6954 44
6955 44
6956 44
6957 44
6958 44
6959 44
6960 44
6961 44
6962 44
6963 44
6964 44
6965 44
6966 44
6967 44
6968 44
6969 44
6970 44
6971 44
6972 44
6973 44
6974 44
6975 44
6976 44
6977 44
6978 44
6979 44
6980 44
6981 44
6982 44
6983 44
6984 44
6985 44
6986 44
6987 44
6988 44
6989 44
6990 44
6991 44
6992 44
6993 44
6994 44
6995 44
6996 44
6997 44
6998 44
6999 44
7000 44
7001 44
7002 44
7003 44
7004 44
7005 44
7006 44
7007 44
7008 44
7009 45
7010 45
7011 45
7012 45
7013 45
7014 45
7015 45
7016 45
7017 45
7018 45
7019 45
7020 45
7021 45
7022 45
7023 45
7024 45
7025 45
7026 45
7027 45
7028 45
7029 45
7030 45
7031 45
7032 45
7033 45
7034 45
7035 45
7036 45
7037 45
7038 45
7039 46
7040 46
7041 46
7042 46
7043 46
7044 46
7045 46
7046 46
7047 46
7048 46
7049 46
7050 46
7051 46
7052 46
7053 46
7054 46
7055 46
7056 47
7057 47
7058 47
7059 47
7060 47
7061 47
7062 47
7063 47
7064 47
7065 47
7066 47
7067 47
7068 47
7069 47
7070 47
7071 47
7072 47
7073 47
7074 47
7075 47
7076 47
7077 47
7078 47
7079 47
7080 47
7081 47
7082 47
7083 47
7084 47
7085 47
7086 47
7087 47
7088 47
7089 47
7090 47
7091 47
7092 47
7093 47
7094 47
7095 47
7096 47
7097 47
7098 47
7099 47
7100 47
7101 47
7102 47
7103 47
7104 47
7105 47
7106 47
7107 47
7108 47
7109 47
7110 48
7111 48
7112 48
7113 48
7114 48
7115 48
7116 48
7117 48
7118 48
7119 48
7120 48
7121 48
7122 48
7123 48
7124 48
7125 48
7126 48
7127 48
7128 48
7129 48
7130 48
7131 48
7132 48
7133 48
7134 48
7135 48
7136 48
7137 48
7138 48
7139 48
7140 48
7141 48
7142 48
7143 48
7144 49
7145 49
7146 49
7147 49
7148 49
7149 49
7150 49
7151 49
7152 49
7153 49
7154 49
7155 49
7156 49
7157 49
7158 49
7159 49
7160 49
7161 49
7162 49
7163 49
7164 49
7165 49
7166 49
7167 49
7168 49
7169 49
7170 49
7171 49
7172 49
7173 49
7174 49
7175 49
7176 49
7177 49
7178 49
7179 49
7180 49
7181 49
7182 49
7183 49
7184 49
7185 49
7186 49
7187 49
7188 49
7189 49
7190 49
7191 49
7192 49
7193 49
7194 49
7195 49
7196 49
7197 49
7198 49
7199 49
7200 49
7201 49
7202 49
7203 49
7204 49
7205 49
7206 49
7207 49
7208 49
7209 49
7210 49
7211 49
7212 50
7213 50
7214 50
7215 50
7216 50
7217 50
7218 50
7219 50
7220 50
7221 50
7222 50
7223 50
7224 50
7225 50
7226 50
7227 50
7228 50
7229 50
7230 50
7231 50
7232 50
7233 50
7234 50
7235 50
7236 50
7237 50
7238 50
7239 50
7240 50
7241 50
7242 50
7243 50
7244 50
7245 50
7246 50
7247 50
7248 50
7249 50
7250 50
7251 50
7252 50
7253 50
7254 50
7255 50
7256 50
7257 50
7258 50
7259 50
7260 50
7261 50
7262 50
7263 50
7264 50
7265 50
7266 50
7267 50
7268 50
7269 50
7270 50
7271 50
7272 50
7273 50
7274 50
7275 50
7276 50
7277 50
7278 50
7279 51
7280 51
7281 51
7282 51
7283 51
7284 51
7285 51
7286 51
7287 51
7288 51
7289 51
7290 51
7291 51
7292 51
7293 51
7294 51
7295 51
7296 51
7297 51
7298 51
7299 51
7300 51
7301 51
7302 51
7303 51
7304 51
7305 51
7306 51
7307 51
7308 51
7309 51
7310 51
7311 51
7312 51
7313 51
7314 51
7315 51
7316 51
7317 51
7318 51
7319 51
7320 51
7321 51
7322 51
7323 51
7324 51
7325 51
7326 51
7327 51
7328 51
7329 51
7330 51
7331 51
7332 51
7333 51
7334 51
7335 51
7336 51
7337 51
7338 51
7339 51
7340 51
7341 51
7342 51
7343 51
7344 51
7345 52
7346 52
7347 52
7348 52
7349 52
7350 52
7351 52
7352 52
7353 52
7354 52
7355 52
7356 52
7357 52
7358 52
7359 52
7360 52
7361 52
7362 52
7363 52
7364 52
7365 52
7366 52
7367 52
7368 52
7369 52
7370 52
7371 52
7372 52
7373 52
7374 52
7375 52
7376 52
7377 52
7378 52
7379 52
7380 52
7381 52
7382 52
7383 52
7384 52
7385 52
7386 52
7387 52
7388 52
7389 52
7390 52
7391 52
7392 52
7393 52
7394 52
7395 52
7396 52
7397 52
7398 52
7399 52
7400 52
7401 52
7402 52
7403 52
7404 52
7405 52
7406 52
7407 52
7408 52
7409 52
7410 52
7411 52
7412 52
7413 52
7414 52
7415 52
7416 52
7417 52
7418 52
7419 52
7420 52
7421 52
7422 52
7423 52
7424 52
7425 52
7426 52
7427 52
7428 52
7429 52
7430 52
7431 52
7432 52
7433 52
7434 52
7435 52
7436 52
7437 52
7438 52
7439 52
7440 52
7441 52
7442 52
7443 52
7444 52
7445 52
7446 52
7447 52
7448 52
7449 52
7450 52
7451 52
7452 52
7453 52
7454 52
7455 52
7456 52
7457 52
7458 52
7459 52
7460 52
7461 52
7462 52
7463 52
7464 52
7465 52
7466 52
7467 52
7468 52
7469 53
7470 53
7471 53
7472 53
7473 53
7474 53
7475 53
7476 53
7477 53
7478 53
7479 53
7480 53
7481 53
7482 53
7483 53
7484 53
7485 53
7486 53
7487 53
7488 53
7489 53
7490 53
7491 53
7492 53
7493 53
7494 53
7495 53
7496 53
7497 53
7498 53
7499 53
7500 53
7501 53
7502 53
7503 53
7504 53
7505 53
7506 53
7507 53
7508 53
7509 53
7510 53
7511 53
7512 53
7513 53
7514 53
7515 53
7516 53
7517 53
7518 53
7519 53
7520 53
7521 53
7522 53
7523 53
7524 53
7525 53
7526 53
7527 53
7528 53
7529 53
7530 53
7531 53
7532 53
7533 53
7534 53
7535 53
7536 53
7537 53
7538 53
7539 53
7540 53
7541 53
7542 53
7543 53
7544 53
7545 53
7546 53
7547 53
7548 53
7549 53
7550 53
7551 53
7552 53
7553 53
7554 53
7555 53
7556 53
7557 53
7558 53
7559 53
7560 53
7561 53
7562 53
7563 53
7564 53
7565 53
7566 53
7567 53
7568 53
7569 53
7570 53
7571 53
7572 54
7573 54
7574 54
7575 54
7576 54
7577 54
7578 54
7579 54
7580 54
7581 54
7582 54
7583 54
7584 54
7585 54
7586 54
7587 54
7588 54
7589 54
7590 54
7591 54
7592 54
7593 54
7594 54
7595 54
7596 54
7597 54
7598 54
7599 54
7600 55
7601 55
7602 55
7603 55
7604 55
7605 55
7606 55
7607 55
7608 55
7609 55
7610 55
7611 55
7612 56
7613 56
7614 56
7615 56
7616 56
7617 56
7618 56
7619 56
7620 56
7621 56
7622 56
7623 56
7624 56
7625 56
7626 56
7627 56
7628 56
7629 56
7630 56
7631 56
7632 56
7633 56
7634 56
7635 56
7636 56
7637 56
7638 56
7639 56
7640 56
7641 56
7642 56
7643 56
7644 56
7645 56
7646 56
7647 56
7648 56
7649 56
7650 56
7651 56
7652 56
7653 56
7654 56
7655 56
7656 56
7657 56
7658 56
7659 56
7660 56
7661 56
7662 56
7663 56
7664 56
7665 56
7666 56
7667 56
7668 56
7669 56
7670 56
7671 56
7672 56
7673 56
7674 56
7675 56
7676 56
7677 56
7678 56
7679 56
7680 56
7681 56
7682 56
7683 56
7684 56
7685 56
7686 57
7687 57
7688 57
7689 57
7690 57
7691 57
7692 57
7693 57
7694 57
7695 57
7696 57
7697 57
7698 57
7699 57
7700 57
7701 57
7702 57
7703 57
7704 57
7705 57
7706 57
7707 57
7708 57
7709 57
7710 57
7711 57
7712 57
7713 57
7714 57
7715 57
7716 57
7717 57
7718 57
7719 57
7720 57
7721 57
7722 57
7723 57
7724 57
7725 57
7726 57
7727 57
7728 57
7729 57
7730 57
7731 57
7732 57
7733 57
7734 57
7735 57
7736 57
7737 57
7738 57
7739 57
7740 57
7741 57
7742 57
7743 57
7744 57
7745 57
7746 57
7747 57
7748 57
7749 57
7750 57
7751 57
7752 57
7753 57
7754 57
7755 57
7756 57
7757 57
7758 57
7759 57
7760 57
7761 57
7762 57
7763 57
7764 57
7765 57
7766 57
7767 57
7768 57
7769 57
7770 57
7771 57
7772 57
7773 57
7774 57
7775 57
7776 57
7777 57
7778 58
7779 58
7780 58
7781 58
7782 58
7783 58
7784 58
7785 58
7786 58
7787 58
7788 58
7789 58
7790 58
7791 58
7792 58
7793 58
7794 58
7795 58
7796 58
7797 58
7798 58
7799 58
7800 58
7801 58
7802 58
7803 58
7804 58
7805 58
7806 58
7807 58
7808 58
7809 58
7810 58
7811 58
7812 58
7813 58
7814 58
7815 58
7816 58
7817 58
7818 58
7819 58
7820 58
7821 58
7822 58
7823 58
7824 58
7825 58
7826 58
7827 58
7828 58
7829 58
7830 58
7831 58
7832 58
7833 58
7834 58
7835 58
7836 58
7837 58
7838 58
7839 58
7840 58
7841 58
7842 58
7843 58
7844 58
7845 58
7846 58
7847 58
7848 58
7849 58
7850 58
7851 58
7852 58
7853 58
7854 58
7855 58
7856 58
7857 58
7858 58
7859 58
7860 58
7861 58
7862 58
7863 58
7864 58
7865 58
7866 58
7867 58
7868 58
7869 58
7870 58
7871 58
7872 58
7873 58
7874 58
7875 58
7876 58
7877 58
7878 58
7879 58
7880 58
7881 58
7882 58
7883 58
7884 58
7885 58
7886 58
7887 58
7888 58
7889 58
7890 58
7891 58
7892 58
7893 58
7894 58
7895 59
7896 59
7897 59
7898 59
7899 59
7900 59
7901 59
7902 59
7903 59
7904 59
7905 59
7906 59
7907 59
7908 59
7909 59
7910 59
7911 59
7912 59
7913 59
7914 59
7915 59
7916 59
7917 59
7918 59
7919 59
7920 59
7921 59
7922 59
7923 59
7924 59
7925 59
7926 59
7927 59
7928 59
7929 59
7930 59
7931 59
7932 59
7933 59
7934 59
7935 59
7936 59
7937 59
7938 59
7939 59
7940 59
7941 59
7942 59
7943 59
7944 59
7945 59
7946 59
7947 59
7948 59
7949 59
7950 59
7951 59
7952 59
7953 59
7954 59
7955 59
7956 59
7957 59
7958 59
7959 59
7960 59
7961 59
7962 59
7963 59
7964 59
7965 59
7966 59
7967 59
7968 59
7969 59
7970 59
7971 59
7972 59
7973 59
7974 59
7975 59
7976 59
7977 59
7978 59
7979 59
7980 59
7981 59
7982 59
7983 59
7984 59
7985 59
7986 59
7987 59
7988 59
7989 59
7990 59
7991 59
7992 59
7993 59
7994 59
7995 59
7996 59
7997 59
7998 59
7999 59
8000 59
8001 59
8002 59
8003 59
8004 59
8005 59
8006 59
8007 59
8008 59
8009 59
8010 59
8011 59
8012 60
8013 60
8014 60
8015 60
8016 60
8017 60
8018 60
8019 60
8020 60
8021 60
8022 60
8023 60
8024 60
8025 60
8026 60
8027 60
8028 60
8029 60
8030 60
8031 60
8032 60
8033 60
8034 60
8035 60
8036 60
8037 60
8038 60
8039 60
8040 60
8041 60
8042 60
8043 60
8044 60
8045 60
8046 60
8047 60
8048 60
8049 60
8050 60
8051 60
8052 60
8053 60
8054 60
8055 60
8056 60
8057 60
8058 60
8059 60
8060 60
8061 60
8062 60
8063 60
8064 60
8065 60
8066 60
8067 60
8068 60
8069 60
8070 60
8071 60
8072 60
8073 60
8074 60
8075 60
8076 60
8077 60
8078 60
8079 60
8080 60
8081 60
8082 60
8083 60
8084 60
8085 60
8086 60
8087 60
8088 60
8089 60
8090 60
8091 60
8092 60
8093 60
8094 60
8095 60
8096 60
8097 60
8098 60
8099 60
8100 60
8101 60
8102 60
8103 60
8104 60
8105 60
8106 60
8107 60
8108 60
8109 60
8110 60
8111 60
8112 60
8113 60
8114 60
8115 60
8116 60
8117 60
8118 60
8119 60
8120 60
8121 60
8122 60
8123 60
8124 60
8125 60
8126 60
8127 60
8128 60
8129 60
8130 60
8131 60
8132 60
8133 60
8134 60
8135 60
8136 60
8137 60
8138 60
8139 60
8140 60
8141 60
8142 60
8143 60
8144 60
8145 60
8146 60
8147 60
8148 60
8149 60
8150 60
8151 60
8152 60
8153 60
8154 60
8155 60
8156 60
8157 60
8158 60
8159 60
8160 60
8161 60
8162 60
8163 60
8164 60
8165 60
8166 60
8167 60
8168 60
8169 60
8170 60
8171 60
8172 60
8173 60
8174 60
8175 60
8176 60
8177 60
8178 61
8179 61
8180 61
8181 61
8182 61
8183 61
8184 61
8185 61
8186 61
8187 61
8188 61
8189 61
8190 61
8191 61
8192 61
8193 61
8194 61
8195 61
8196 61
8197 61
8198 61
8199 61
8200 62
8201 62
8202 62
8203 62
8204 62
8205 62
8206 62
8207 62
8208 62
8209 62
8210 62
8211 62
8212 62
8213 62
8214 62
8215 62
8216 62
8217 62
8218 62
8219 62
8220 62
8221 62
8222 62
8223 62
8224 62
8225 62
8226 62
8227 62
8228 62
8229 62
8230 62
8231 62
8232 62
8233 62
8234 62
8235 62
8236 62
8237 62
8238 62
8239 62
8240 62
8241 62
8242 62
8243 62
8244 62
8245 62
8246 62
8247 62
8248 62
8249 62
8250 62
8251 62
8252 62
8253 62
8254 62
8255 62
8256 62
8257 62
8258 62
8259 62
8260 62
8261 62
8262 62
8263 62
8264 62
8265 62
8266 62
8267 62
8268 62
8269 62
8270 62
8271 62
8272 62
8273 62
8274 62
8275 62
8276 62
8277 62
8278 62
8279 62
8280 62
8281 62
8282 62
8283 62
8284 62
8285 62
8286 62
8287 62
8288 62
8289 62
8290 62
8291 62
8292 62
8293 62
8294 62
8295 62
8296 62
8297 62
8298 62
8299 62
8300 62
8301 62
8302 62
8303 62
8304 62
8305 62
8306 62
8307 62
8308 62
8309 62
8310 62
8311 62
8312 62
8313 62
8314 62
8315 62
8316 62
8317 62
8318 62
8319 62
8320 62
8321 62
8322 62
8323 62
8324 62
8325 62
8326 62
8327 62
8328 62
8329 62
8330 62
8331 62
8332 62
8333 62
8334 62
8335 62
8336 62
8337 62
8338 62
8339 62
8340 62
8341 62
8342 62
8343 62
8344 62
8345 62
8346 62
8347 62
8348 62
8349 62
8350 62
8351 62
8352 62
8353 62
8354 62
8355 62
8356 62
8357 62
8358 62
8359 62
8360 62
8361 62
8362 62
8363 62
8364 62
8365 62
8366 62
8367 62
8368 62
8369 62
8370 62
8371 62
8372 62
8373 62
8374 62
8375 62
8376 62
8377 62
8378 62
8379 62
8380 62
8381 62
8382 62
8383 62
8384 62
8385 62
8386 62
8387 62
8388 62
8389 62
8390 62
8391 62
8392 62
8393 62
8394 62
8395 62
8396 62
8397 62
8398 62
8399 62
8400 62
8401 62
8402 62
8403 62
8404 62
8405 63
8406 63
8407 63
8408 63
8409 63
8410 63
8411 63
8412 63
8413 63
8414 63
8415 63
8416 63
8417 63
8418 63
8419 63
8420 63
8421 63
8422 63
8423 63
8424 63
8425 63
8426 63
8427 63
8428 63
8429 63
8430 63
8431 63
8432 63
8433 63
8434 63
8435 63
8436 63
8437 63
8438 63
8439 63
8440 63
8441 63
8442 63
8443 63
8444 63
8445 63
8446 63
8447 63
8448 63
8449 63
8450 63
8451 63
8452 63
8453 63
8454 63
8455 63
8456 63
8457 63
8458 63
8459 63
8460 63
8461 63
8462 63
8463 63
8464 63
8465 63
8466 63
8467 63
8468 63
8469 63
8470 63
8471 63
8472 63
8473 63
8474 63
8475 63
8476 63
8477 63
8478 63
8479 63
8480 63
8481 63
8482 63
8483 63
8484 63
8485 63
8486 63
8487 63
8488 63
8489 63
8490 63
8491 63
8492 63
8493 63
8494 63
8495 63
8496 63
8497 63
8498 63
8499 63
8500 63
8501 63
8502 63
8503 63
8504 63
8505 63
8506 63
8507 63
8508 63
8509 63
8510 63
8511 63
8512 63
8513 63
8514 63
8515 63
8516 63
8517 63
8518 63
8519 63
8520 63
8521 63
8522 63
8523 63
8524 63
8525 63
8526 63
8527 63
8528 63
8529 63
8530 63
8531 63
8532 63
8533 63
8534 63
8535 63
8536 63
8537 63
8538 63
8539 63
8540 63
8541 63
8542 63
8543 63
8544 63
8545 63
8546 63
8547 63
8548 63
8549 63
8550 63
8551 63
8552 63
8553 63
8554 63
8555 63
8556 63
8557 63
8558 63
8559 63
8560 63
8561 63
8562 63
8563 63
8564 63
8565 63
8566 63
8567 63
8568 63
8569 63
8570 63
8571 63
8572 63
8573 63
8574 63
8575 63
8576 63
8577 63
8578 63
8579 63
8580 63
8581 63
8582 63
8583 63
8584 63
8585 63
8586 63
8587 63
8588 63
8589 63
8590 63
8591 63
8592 63
8593 63
8594 63
8595 63
8596 63
8597 63
8598 63
8599 63
8600 63
8601 63
8602 63
8603 63
8604 63
8605 63
8606 63
8607 63
8608 63
8609 63
8610 63
8611 63
8612 63
8613 63
8614 63
8615 63
8616 63
8617 63
8618 63
8619 63
8620 63
8621 63
8622 63
8623 63
8624 63
8625 63
8626 63
8627 63
8628 63
8629 63
8630 63
8631 63
8632 63
8633 63
8634 63
8635 63
8636 63
8637 63
8638 63
8639 63
8640 63
8641 63
8642 63
8643 63
8644 63
8645 63
8646 63
8647 63
8648 63
8649 63
8650 63
8651 63
8652 63
8653 63
8654 63
8655 63
8656 63
8657 63
8658 63
8659 63
8660 63
8661 63
8662 63
8663 63
8664 63
8665 63
8666 63
8667 63
8668 63
8669 63
8670 63
8671 63
8672 63
8673 63
8674 63
8675 63
8676 63
8677 63
8678 63
8679 63
8680 63
8681 63
8682 63
8683 63
8684 63
8685 63
8686 63
8687 63
8688 63
8689 63
8690 63
8691 63
8692 63
8693 63
8694 63
8695 63
8696 63
8697 63
8698 63
8699 63
8700 63
8701 63
8702 63
8703 63
8704 63
8705 63
8706 63
8707 63
8708 63
8709 63
8710 63
8711 63
8712 63
8713 63
8714 63
8715 63
8716 63
8717 63
8718 63
8719 63
8720 63
8721 63
8722 63
8723 63
8724 63
8725 63
8726 63
8727 63
8728 63
8729 64
8730 64
8731 64
8732 64
8733 64
8734 64
8735 64
8736 64
8737 64
8738 64
8739 64
8740 64
8741 64
8742 64
8743 64
8744 64
8745 64
8746 64
8747 64
8748 64
8749 64
8750 64
8751 64
8752 64
8753 64
8754 64
8755 64
8756 64
8757 64
8758 64
8759 64
8760 64
8761 64
8762 64
8763 64
8764 64
8765 65
8766 65
8767 65
8768 65
8769 65
8770 65
8771 65
8772 65
8773 65
8774 65
8775 65
8776 65
8777 66
8778 66
8779 66
8780 66
8781 66
8782 66
8783 66
8784 66
8785 66
8786 66
8787 66
8788 66
8789 66
8790 66
8791 66
8792 66
8793 66
8794 66
8795 66
8796 66
8797 66
8798 66
8799 66
8800 66
8801 66
8802 66
8803 66
8804 66
8805 66
8806 66
8807 66
8808 66
8809 66
8810 66
8811 66
8812 66
8813 66
8814 66
8815 66
8816 66
8817 66
8818 66
8819 66
8820 66
8821 66
8822 66
8823 66
8824 66
8825 66
8826 66
8827 66
8828 66
8829 66
8830 66
8831 66
8832 67
8833 67
8834 67
8835 67
8836 67
8837 67
8838 67
8839 67
8840 67
8841 67
8842 67
8843 67
8844 67
8845 67
8846 67
8847 67
8848 67
8849 67
8850 67
8851 67
8852 67
8853 67
8854 67
8855 67
8856 67
8857 67
8858 67
8859 67
8860 67
8861 67
8862 67
8863 67
8864 67
8865 67
8866 67
8867 67
8868 67
8869 67
8870 67
8871 67
8872 67
8873 67
8874 67
8875 67
8876 67
8877 67
8878 67
8879 67
8880 67
8881 67
8882 67
8883 67
8884 67
8885 67
8886 67
8887 67
8888 67
8889 67
8890 67
8891 68
8892 68
8893 68
8894 68
8895 68
8896 68
8897 68
8898 69
8899 69
8900 69
8901 69
8902 69
8903 69
8904 69
8905 69
8906 69
8907 69
8908 69
8909 69
8910 69
8911 69
8912 69
8913 69
8914 69
8915 69
8916 69
8917 69
8918 69
8919 69
8920 69
8921 69
8922 69
8923 69
8924 69
8925 69
8926 69
8927 69
8928 69
8929 69
8930 69
8931 69
8932 69
8933 69
8934 69
8935 69
8936 69
8937 69
8938 69
8939 69
8940 69
8941 69
8942 69
8943 69
8944 69
8945 69
8946 69
8947 69
8948 69
8949 69
8950 69
8951 69
8952 69
8953 69
8954 69
8955 69
8956 69
8957 69
8958 69
8959 69
8960 69
8961 69
8962 69
8963 69
8964 69
8965 69
8966 69
8967 69
8968 69
8969 69
8970 69
8971 69
8972 69
8973 69
8974 69
8975 69
8976 69
8977 69
8978 69
8979 69
8980 69
8981 69
8982 69
8983 69
8984 69
8985 69
8986 69
8987 69
8988 69
8989 69
8990 69
8991 69
8992 69
8993 69
8994 69
8995 69
8996 69
8997 69
8998 69
8999 69
9000 69
9001 69
9002 69
9003 69
9004 69
9005 69
9006 69
9007 69
9008 69
9009 69
9010 69
9011 69
9012 69
9013 69
9014 69
9015 69
9016 69
9017 70
9018 70
9019 70
9020 70
9021 70
9022 70
9023 70
9024 70
9025 70
9026 70
9027 70
9028 70
9029 70
9030 70
9031 70
9032 70
9033 70
9034 70
9035 70
9036 70
9037 70
9038 70
9039 70
9040 70
9041 70
9042 70
9043 70
9044 70
9045 70
9046 70
9047 70
9048 70
9049 70
9050 70
9051 70
9052 70
9053 70
9054 70
9055 70
9056 71
9057 71
9058 71
9059 71
9060 71
9061 71
9062 71
9063 71
9064 71
9065 71
9066 71
9067 71
9068 71
9069 71
9070 71
9071 71
9072 71
9073 71
9074 71
9075 71
9076 71
9077 71
9078 71
9079 71
9080 71
9081 71
9082 71
9083 71
9084 71
9085 71
9086 71
9087 71
9088 71
9089 71
9090 71
9091 71
9092 71
9093 71
9094 71
9095 71
9096 71
9097 71
9098 71
9099 71
9100 71
9101 71
9102 71
9103 71
9104 71
9105 71
9106 71
9107 71
9108 71
9109 72
9110 72
9111 72
9112 72
9113 72
9114 72
9115 72
9116 72
9117 72
9118 72
9119 72
9120 72
9121 72
9122 72
9123 72
9124 72
9125 72
9126 72
9127 72
9128 72
9129 72
9130 72
9131 72
9132 72
9133 72
9134 72
9135 72
9136 72
9137 72
9138 73
9139 73
9140 73
9141 73
9142 73
9143 73
9144 73
9145 73
9146 73
9147 73
9148 73
9149 73
9150 73
9151 73
9152 73
9153 73
9154 73
9155 73
9156 73
9157 73
9158 73
9159 73
9160 73
9161 73
9162 73
9163 73
9164 73
9165 73
9166 73
9167 73
9168 73
9169 73
9170 73
9171 73
9172 73
9173 73
9174 73
9175 73
9176 73
9177 73
9178 73
9179 73
9180 73
9181 73
9182 73
9183 73
9184 73
9185 73
9186 73
9187 73
9188 73
9189 73
9190 73
9191 73
9192 73
9193 73
9194 73
9195 73
9196 73
9197 73
9198 74
9199 74
9200 74
9201 74
9202 74
9203 74
9204 74
9205 74
9206 74
9207 74
9208 74
9209 74
9210 74
9211 74
9212 74
9213 74
9214 74
9215 74
9216 74
9217 74
9218 74
9219 74
9220 74
9221 74
9222 74
9223 74
9224 74
9225 74
9226 74
9227 74
9228 74
9229 74
9230 74
9231 74
9232 74
9233 74
9234 74
9235 74
9236 74
9237 74
9238 74
9239 74
9240 74
9241 74
9242 74
9243 74
9244 74
9245 74
9246 74
9247 74
9248 74
9249 74
9250 74
9251 74
9252 74
9253 74
9254 74
9255 74
9256 74
9257 74
9258 74
9259 74
9260 74
9261 74
9262 74
9263 74
9264 74
9265 74
9266 74
9267 74
9268 74
9269 74
9270 74
9271 74
9272 74
9273 74
9274 74
9275 74
9276 74
9277 74
9278 74
9279 74
9280 74
9281 74
9282 74
9283 74
9284 74
9285 74
9286 74
9287 74
9288 74
9289 74
9290 74
9291 74
9292 74
9293 74
9294 74
9295 75
9296 75
9297 75
9298 75
9299 75
9300 75
9301 75
9302 75
9303 75
9304 75
9305 75
9306 75
9307 75
9308 75
9309 75
9310 75
9311 75
9312 75
9313 75
9314 75
9315 75
9316 75
9317 75
9318 75
9319 75
9320 75
9321 75
9322 75
9323 75
9324 75
9325 75
9326 75
9327 75
9328 75
9329 75
9330 75
9331 75
9332 75
9333 75
9334 75
9335 75
9336 75
9337 75
9338 75
9339 75
9340 75
9341 75
9342 75
9343 75
9344 75
9345 75
9346 75
9347 75
9348 75
9349 76
9350 76
9351 76
9352 76
9353 76
9354 76
9355 76
9356 76
9357 76
9358 76
9359 76
9360 76
9361 76
9362 76
9363 76
9364 76
9365 76
9366 76
9367 76
9368 76
9369 76
9370 76
9371 77
9372 77
9373 77
9374 77
9375 77
9376 77
9377 77
9378 77
9379 77
9380 77
9381 77
9382 77
9383 77
9384 77
9385 77
9386 77
9387 77
9388 77
9389 77
9390 77
9391 77
9392 77
9393 77
9394 77
9395 77
9396 77
9397 77
9398 77
9399 77
9400 77
9401 77
9402 77
9403 77
9404 77
9405 77
9406 77
9407 77
9408 77
9409 77
9410 77
9411 77
9412 77
9413 77
9414 77
9415 77
9416 77
9417 77
9418 77
9419 77
9420 77
9421 77
9422 77
9423 77
9424 77
9425 77
9426 77
9427 77
9428 77
9429 77
9430 77
9431 77
9432 77
9433 77
9434 77
9435 77
9436 77
9437 77
9438 77
9439 77
9440 77
9441 77
9442 77
9443 77
9444 77
9445 77
9446 77
9447 77
9448 77
9449 77
9450 77
9451 77
9452 77
9453 77
9454 77
9455 77
9456 77
9457 77
9458 77
9459 77
9460 77
9461 77
9462 77
9463 77
9464 77
9465 77
9466 77
9467 77
9468 77
9469 77
9470 77
9471 77
9472 77
9473 77
9474 77
9475 77
9476 77
9477 77
9478 77
9479 77
9480 77
9481 77
9482 77
9483 77
9484 77
9485 77
9486 77
9487 77
9488 77
9489 77
9490 77
9491 77
9492 77
9493 77
9494 77
9495 77
9496 77
9497 77
9498 77
9499 77
9500 77
9501 77
9502 77
9503 77
9504 77
9505 77
9506 77
9507 77
9508 77
9509 77
9510 77
9511 77
9512 77
9513 77
9514 77
9515 77
9516 77
9517 77
9518 77
9519 77
9520 77
9521 77
9522 77
9523 77
9524 77
9525 77
9526 77
9527 77
9528 77
9529 77
9530 77
9531 77
9532 77
9533 77
9534 77
9535 77
9536 77
9537 77
9538 77
9539 77
9540 77
9541 77
9542 77
9543 77
9544 77
9545 77
9546 77
9547 77
9548 77
9549 77
9550 77
9551 77
9552 77
9553 77
9554 77
9555 77
9556 77
9557 77
9558 77
9559 77
9560 77
9561 77
9562 77
9563 77
9564 77
9565 77
9566 77
9567 77
9568 77
9569 77
9570 77
9571 77
9572 77
9573 77
9574 77
9575 77
9576 77
9577 77
9578 77
9579 77
9580 77
9581 77
9582 77
9583 77
9584 77
9585 77
9586 77
9587 77
9588 77
9589 77
9590 77
9591 77
9592 77
9593 77
9594 77
9595 77
9596 77
9597 77
9598 77
9599 77
9600 77
9601 77
9602 77
9603 77
9604 77
9605 77
9606 77
9607 77
9608 77
9609 77
9610 77
9611 77
9612 77
9613 77
9614 77
9615 77
9616 77
9617 77
9618 77
9619 77
9620 77
9621 77
9622 77
9623 77
9624 77
9625 77
9626 77
9627 77
9628 77
9629 77
9630 77
9631 77
9632 77
9633 77
9634 77
9635 77
9636 77
9637 77
9638 77
9639 77
9640 77
9641 77
9642 77
9643 77
9644 77
9645 77
9646 77
9647 77
9648 77
9649 77
9650 77
9651 77
9652 77
9653 77
9654 77
9655 77
9656 77
9657 77
9658 77
9659 77
9660 77
9661 77
9662 77
9663 77
9664 77
9665 77
9666 77
9667 77
9668 77
9669 77
9670 77
9671 77
9672 77
9673 77
9674 77
9675 77
9676 77
9677 77
9678 77
9679 77
9680 77
9681 77
9682 77
9683 77
9684 77
9685 77
9686 77
9687 77
9688 77
9689 77
9690 77
9691 77
9692 77
9693 78
9694 78
9695 78
9696 78
9697 78
9698 78
9699 78
9700 78
9701 78
9702 78
9703 78
9704 78
9705 78
9706 78
9707 78
9708 78
9709 78
9710 78
9711 78
9712 78
9713 78
9714 78
9715 78
9716 78
9717 78
9718 78
9719 78
9720 78
9721 78
9722 78
9723 78
9724 78
9725 78
9726 78
9727 78
9728 78
9729 78
9730 78
9731 78
9732 78
9733 78
9734 78
9735 78
9736 78
9737 78
9738 78
9739 78
9740 78
9741 78
9742 78
9743 78
9744 78
9745 78
9746 78
9747 78
9748 78
9749 78
9750 78
9751 78
9752 78
9753 78
9754 78
9755 78
9756 78
9757 78
9758 78
9759 78
9760 78
9761 78
9762 78
9763 78
9764 78
9765 78
9766 78
9767 78
9768 78
9769 78
9770 78
9771 78
9772 78
9773 78
9774 78
9775 78
9776 78
9777 78
9778 78
9779 78
9780 78
9781 78
9782 78
9783 78
9784 78
9785 78
9786 78
9787 78
9788 78
9789 78
9790 78
9791 78
9792 78
9793 78
9794 78
9795 78
9796 78
9797 78
9798 78
9799 78
9800 78
9801 78
9802 78
9803 78
9804 78
9805 78
9806 78
9807 78
9808 78
9809 78
9810 78
9811 78
9812 78
9813 78
9814 78
9815 78
9816 78
9817 78
9818 78
9819 78
9820 78
9821 78
9822 78
9823 78
9824 78
9825 78
9826 78
9827 78
9828 78
9829 78
9830 78
9831 78
9832 78
9833 78
9834 78
9835 78
9836 78
9837 78
9838 78
9839 78
9840 78
9841 78
9842 78
9843 78
9844 78
9845 78
9846 78
9847 78
9848 78
9849 78
9850 78
9851 78
9852 78
9853 78
9854 78
9855 78
9856 78
9857 78
9858 78
9859 78
9860 78
9861 78
9862 78
9863 78
9864 78
9865 78
9866 78
9867 78
9868 78
9869 78
9870 78
9871 78
9872 78
9873 78
9874 78
9875 78
9876 78
9877 78
9878 78
9879 78
9880 78
9881 78
9882 78
9883 78
9884 78
9885 78
9886 78
9887 78
9888 78
9889 78
9890 78
9891 78
9892 78
9893 78
9894 78
9895 78
9896 78
9897 78
9898 78
9899 78
9900 78
9901 78
9902 78
9903 78
9904 78
9905 78
9906 78
9907 78
9908 78
9909 78
9910 78
9911 78
9912 78
9913 78
9914 79
9915 79
9916 79
9917 79
9918 79
9919 79
9920 79
9921 79
9922 79
9923 79
9924 79
9925 79
9926 79
9927 79
9928 79
9929 79
9930 79
9931 79
9932 79
9933 79
9934 79
9935 79
9936 79
9937 79
9938 79
9939 79
9940 80
9941 80
9942 80
9943 80
9944 80
9945 80
9946 80
9947 80
9948 80
9949 80
9950 80
9951 80
9952 80
9953 80
9954 80
9955 80
9956 80
9957 80
9958 80
9959 80
9960 80
9961 80
9962 80
9963 80
9964 80
9965 80
9966 80
9967 80
9968 80
9969 80
9970 80
9971 80
9972 80
9973 80
9974 80
9975 80
9976 80
9977 80
9978 80
9979 80
9980 80
9981 81
9982 81
9983 81
9984 81
9985 81
9986 81
9987 81
9988 81
9989 81
9990 81
9991 81
9992 81
9993 81
9994 81
9995 81
9996 81
9997 81
9998 81
9999 81
